1 500 20 0.571973
1 500 20 0.653592
1 500 20 0.651839
1 500 20 0.627433
1 500 20 0.64822
1 500 20 0.666277
1 500 20 0.635101
1 500 20 0.6304
1 500 20 0.722297
1 500 20 0.680485
1 500 20 0.662028
1 500 20 0.691573
1 500 20 0.689488
1 500 20 0.678842
1 500 20 0.702886
1 500 20 0.699741
1 500 20 0.721725
1 500 20 0.702828
1 500 20 0.733557
1 500 20 0.708976
2 500 20 5.26646
2 500 20 6.29111
2 500 20 5.67951
2 500 20 5.88433
2 500 20 5.92452
2 500 20 5.22924
2 500 20 5.44055
2 500 20 5.84762
2 500 20 7.00467
2 500 20 6.99979
2 500 20 7.15797
2 500 20 6.64046
2 500 20 8.33799
2 500 20 8.67894
2 500 20 9.90753
2 500 20 7.84226
2 500 20 9.43583
2 500 20 8.77739
2 500 20 7.16128
2 500 20 8.77742
3 500 20 42.1844
3 500 20 49.5514
3 500 20 68.043
3 500 20 64.0938
3 500 20 61.1127
3 500 20 63.9616
3 500 20 58.2688
3 500 20 60.3275
3 500 20 58.8975
3 500 20 61.5853
3 500 20 67.5271
3 500 20 67.83
3 500 20 76.2014
3 500 20 66.7286
3 500 20 65.5469
3 500 20 68.5123
3 500 20 70.8772
3 500 20 68.5719
3 500 20 66.1854
3 500 20 66.3431
