1 4 20 3.6e-05 2.6e-05
1 4 20 7e-06 2e-06
1 4 20 7e-06 2e-06
1 4 20 7e-06 1e-06
1 4 20 8e-06 2e-06
1 4 20 6e-06 2e-06
1 4 20 7e-06 2e-06
1 4 20 9e-06 2e-06
1 4 20 6e-06 2e-06
1 4 20 8e-06 3e-06
1 4 20 7e-06 2e-06
1 4 20 7e-06 2e-06
1 4 20 7e-06 2e-06
1 4 20 1.8e-05 8.6e-05
1 4 20 6e-06 2e-06
1 4 20 7e-06 2e-06
1 4 20 6e-06 1e-06
1 4 20 8e-06 1e-06
1 4 20 7e-06 2e-06
1 4 20 7e-06 2e-06
1 20 20 0.000599 7.1e-05
1 20 20 0.000419 7e-05
1 20 20 0.001451 7.3e-05
1 20 20 0.000514 0.000174
1 20 20 0.000441 7.3e-05
1 20 20 0.000449 6.8e-05
1 20 20 0.000579 6.5e-05
1 20 20 0.000574 6e-05
1 20 20 0.000554 7.5e-05
1 20 20 0.000432 7.4e-05
1 20 20 0.000374 6.4e-05
1 20 20 0.000495 7.3e-05
1 20 20 0.000438 6e-05
1 20 20 0.000407 7.1e-05
1 20 20 0.000475 7.3e-05
1 20 20 0.000413 5.9e-05
1 20 20 0.000713 7.7e-05
1 20 20 0.000422 6.9e-05
1 20 20 0.00044 7.6e-05
1 20 20 0.000426 6.9e-05
1 50 20 0.003201 0.000875
1 50 20 0.003185 0.001232
1 50 20 0.003073 0.000723
1 50 20 0.002715 0.000596
1 50 20 0.002473 0.000602
1 50 20 0.002915 0.000826
1 50 20 0.002596 0.000542
1 50 20 0.002468 0.000647
1 50 20 0.002543 0.000749
1 50 20 0.00269 0.000566
1 50 20 0.002252 0.000543
1 50 20 0.002675 0.000546
1 50 20 0.00265 0.000572
1 50 20 0.003475 0.000839
1 50 20 0.002635 0.000561
1 50 20 0.002739 0.000543
1 50 20 0.00315 0.00055
1 50 20 0.002777 0.000674
1 50 20 0.003478 0.00089
1 50 20 0.002561 0.000556
1 100 20 0.012069 0.004887
1 100 20 0.013053 0.005068
1 100 20 0.013943 0.006931
1 100 20 0.012668 0.006175
1 100 20 0.017255 0.006418
1 100 20 0.013147 0.004769
1 100 20 0.015238 0.007189
1 100 20 0.01544 0.004584
1 100 20 0.013598 0.004657
1 100 20 0.018638 0.009924
1 100 20 0.019785 0.011957
1 100 20 0.01774 0.006712
1 100 20 0.013493 0.005493
1 100 20 0.013541 0.004852
1 100 20 0.014617 0.007477
1 100 20 0.01485 0.005633
1 100 20 0.015579 0.00666
1 100 20 0.020471 0.00786
1 100 20 0.016848 0.008433
1 100 20 0.014453 0.007597
1 200 20 0.08656 0.048205
1 200 20 0.107288 0.047974
1 200 20 0.093499 0.045467
1 200 20 0.098094 0.045971
1 200 20 0.090166 0.050213
1 200 20 0.092984 0.056026
1 200 20 0.094861 0.050417
1 200 20 0.117692 0.075838
1 200 20 0.152331 0.051553
1 200 20 0.113735 0.192593
1 200 20 0.229751 0.087098
1 200 20 0.128807 0.060719
1 200 20 0.171072 0.079645
1 200 20 0.166515 0.083567
1 200 20 0.133485 0.062214
1 200 20 0.128466 0.092469
1 200 20 0.130097 0.060775
1 200 20 0.158821 0.051595
1 200 20 0.095874 0.046786
1 200 20 0.109635 0.04723
1 500 20 0.62607 1.50579
1 500 20 0.661246 1.28915
1 500 20 0.59512 1.25406
1 500 20 0.636218 1.24131
1 500 20 0.642866 1.36662
1 500 20 0.817553 1.94489
1 500 20 0.799156 1.57073
1 500 20 0.697064 1.44485
1 500 20 0.764813 1.61729
1 500 20 0.70105 1.21269
1 500 20 0.792002 1.55464
1 500 20 0.845079 2.21621
1 500 20 0.884736 1.27391
1 500 20 0.599696 1.51965
1 500 20 0.872927 1.99823
1 500 20 0.663683 1.57577
1 500 20 0.652023 1.43011
1 500 20 0.725057 1.5606
1 500 20 0.823262 1.37269
1 500 20 0.666868 1.43566
1 1000 20 4.87344 13.2158
1 1000 20 5.02505 13.0419
1 1000 20 5.09188 12.5546
1 1000 20 5.14062 13.0585
1 1000 20 5.27391 13.9581
1 1000 20 5.36614 14.0664
1 1000 20 5.35242 14.2151
1 1000 20 4.8848 11.8169
1 1000 20 5.41547 12.196
1 1000 20 5.01238 11.0086
1 1000 20 4.76888 11.3539
1 1000 20 4.79518 11.2244
1 1000 20 5.38992 12.2124
1 1000 20 5.02179 11.8087
1 1000 20 6.37799 13.8697
1 1000 20 5.64376 11.4792
1 1000 20 5.14728 11.4015
1 1000 20 5.8236 11.1743
1 1000 20 5.57333 11.8776
1 1000 20 5.6102 12.7926
1 4 20 2.9e-05 1e-06
1 4 20 4.1e-05 2e-06
1 20 20 0.000284 3.9e-05
1 4 1 8.9e-05 3e-06
1 500 20 0.593655 1.16403
1 500 20 0.643113 1.29
1 500 20 0.608368 1.01619
1 500 20 0.605917 0.979485
1 500 20 0.608692 1.14485
1 500 20 0.569912 1.30828
1 500 20 0.593373 1.05309
1 500 20 0.575075 1.02385
1 500 20 0.608623 1.21139
1 500 20 0.636473 1.15784
1 500 20 0.587596 1.09676
1 500 20 0.574373 1.1619
1 500 20 0.589073 1.01585
1 500 20 0.571886 1.01161
1 500 20 0.598884 1.11944
1 500 20 0.577718 1.31262
1 500 20 0.622289 1.35269
1 500 20 0.637361 1.2703
1 500 20 0.626098 1.05446
1 500 20 0.579249 1.01109
1 4 20 3.8e-05 2e-06
1 4 1 5.4e-05 1e-06
1 4 1 5.2e-05 1e-06
1 4 1 8.8e-05 2e-06
1 4 1 6.2e-05 2e-06
1 4 1 5.1e-05 1e-06
1 4 1 5.5e-05 2e-06
1 4 1 7.9e-05 2e-06
1 4 1 8.7e-05 2e-06
1 4 1 5.1e-05 1e-06
1 4 1 5.8e-05 2e-06
1 2 1 3e-05 1e-06
1 20 1 0.017152 3.7e-05
1 20 1 0.007953 3.9e-05
1 500 20 0.602738 1.08595
1 500 20 0.606166 1.1874
1 500 20 0.602395 1.24453
1 500 20 0.61407 1.13424
1 500 20 0.650359 1.11233
1 500 20 0.618385 1.23574
1 500 20 0.643949 1.11593
1 500 20 0.656698 1.10988
1 500 20 0.604726 1.16853
1 500 20 0.618949 1.10861
