1 4 20 3e-06
1 4 20 3e-06
1 4 20 3e-06
1 4 20 4e-06
1 4 20 4e-06
1 4 20 4e-06
1 4 20 3e-06
1 4 20 3e-06
1 4 20 5e-06
1 4 20 4e-06
1 4 20 4e-06
1 4 20 3e-06
1 4 20 3e-06
1 4 20 3e-06
1 4 20 3e-06
1 4 20 4e-05
1 4 20 3e-06
1 4 20 4e-06
1 4 20 3e-06
1 4 20 4e-06
1 20 20 0.000257
1 20 20 0.00024
1 20 20 0.000421
1 20 20 0.000538
1 20 20 0.000292
1 20 20 0.000273
1 20 20 0.000317
1 20 20 0.000297
1 20 20 0.000288
1 20 20 0.000421
1 20 20 0.000259
1 20 20 0.000333
1 20 20 0.000347
1 20 20 0.000234
1 20 20 0.000347
1 20 20 0.000367
1 20 20 0.000364
1 20 20 0.000444
1 20 20 0.000276
1 20 20 0.00034
1 50 20 0.001862
1 50 20 0.002685
1 50 20 0.002662
1 50 20 0.002451
1 50 20 0.002555
1 50 20 0.002157
1 50 20 0.001712
1 50 20 0.002065
1 50 20 0.002152
1 50 20 0.003184
1 50 20 0.002212
1 50 20 0.001731
1 50 20 0.002729
1 50 20 0.00186
1 50 20 0.001704
1 50 20 0.002659
1 50 20 0.004029
1 50 20 0.001751
1 50 20 0.002079
1 50 20 0.002149
1 100 20 0.011374
1 100 20 0.011794
1 100 20 0.014821
1 100 20 0.013163
1 100 20 0.019303
1 100 20 0.036351
1 100 20 0.019468
1 100 20 0.020996
1 100 20 0.018154
1 100 20 0.012988
1 100 20 0.016047
1 100 20 0.012714
1 100 20 0.020125
1 100 20 0.01148
1 100 20 0.016605
1 100 20 0.013692
1 100 20 0.020493
1 100 20 0.012232
1 100 20 0.023072
1 100 20 0.018717
1 200 20 0.091317
1 200 20 0.093629
1 200 20 0.097639
1 200 20 0.09391
1 200 20 0.108581
1 200 20 0.088022
1 200 20 0.172644
1 200 20 0.140767
1 200 20 0.096164
1 200 20 0.09424
1 200 20 0.090354
1 200 20 0.092738
1 200 20 0.110252
1 200 20 0.141804
1 200 20 0.101731
1 200 20 0.083829
1 200 20 0.116706
1 200 20 0.084953
1 200 20 0.234841
1 200 20 0.113847
1 500 20 0.637122
1 500 20 0.600332
1 500 20 0.81815
1 500 20 0.651925
1 500 20 0.638634
1 500 20 0.679659
1 500 20 0.685179
1 500 20 0.628507
1 500 20 0.610438
1 500 20 0.623934
1 500 20 0.636823
1 500 20 0.760102
1 500 20 0.592785
1 500 20 0.701908
1 500 20 0.748496
1 500 20 0.753552
1 500 20 0.654405
1 500 20 0.62372
1 500 20 0.723743
1 500 20 0.69615
1 1000 20 4.01575
1 1000 20 4.66192
1 1000 20 4.77208
1 1000 20 4.76707
1 1000 20 5.11673
1 1000 20 5.10601
1 1000 20 5.04249
1 1000 20 6.90084
1 1000 20 5.90559
1 1000 20 5.88371
1 1000 20 7.68008
1 1000 20 7.88265
1 1000 20 8.12474
1 1000 20 8.70346
1 1000 20 10.7084
1 1000 20 7.43633
1 1000 20 7.43343
1 1000 20 6.46836
1 1000 20 6.58077
1 1000 20 6.83164
