1 4 20 0.033 0.002
1 4 20 0.004 0.001
1 4 20 0.007 0.001
1 4 20 0.004 0.001
1 4 20 0.006 0.002
1 4 20 0.005 0.001
1 4 20 0.008 0.003
1 4 20 0.004 0.001
1 4 20 0.006 0.001
1 4 20 0.006 0.001
1 20 20 0.418 0.069
1 20 20 0.367 0.054
1 20 20 0.437 0.071
1 20 20 0.352 0.064
1 20 20 0.413 0.071
1 20 20 0.49 0.062
1 20 20 0.442 0.063
1 20 20 0.263 0.185
1 20 20 0.402 0.062
1 20 20 0.488 0.07
1 50 20 5.982 1.61
1 50 20 4.183 0.977
1 50 20 3.485 0.708
1 50 20 2.624 0.681
1 50 20 2.396 0.606
1 50 20 2.122 0.546
1 50 20 2.295 0.631
1 50 20 2.308 0.551
1 50 20 1.971 0.546
1 50 20 2.129 0.56
1 100 20 12.225 4.609
1 100 20 11.551 4.606
1 100 20 13.267 4.509
1 100 20 12.788 5.095
1 100 20 18.958 5.385
1 100 20 19.566 4.56
1 100 20 17.585 6.727
1 100 20 22.807 5.599
1 100 20 23.583 5.774
1 100 20 16.119 6.783
1 200 20 89.685 41.886
1 200 20 89.081 56.028
1 200 20 93.596 43.977
1 200 20 104.954 43.596
1 200 20 89.359 42.026
1 200 20 92.248 41.913
1 200 20 86.758 51.236
1 200 20 92.743 43.347
1 200 20 99.406 44.338
1 200 20 91.952 45.559
1 250 20 97.788 99.189
1 250 20 90.103 93.516
1 250 20 90.751 85.665
1 250 20 88.24 88.36
1 250 20 90.088 90.796
1 250 20 90.079 86.786
1 250 20 113.101 87.435
1 250 20 97.65 87.895
1 250 20 96.527 86.228
1 250 20 96.952 93.117
1 500 20 584.977 1185.59
1 500 20 605.771 1290.14
1 500 20 676.48 1087.98
1 500 20 594.037 984.973
1 500 20 587.491 1147.31
1 500 20 583.036 996.432
1 500 20 576.475 976.766
1 500 20 591.331 1199.11
1 500 20 605.476 1545.96
1 500 20 710.042 1554.46
