1 4 20 1e-06
1 4 20 2e-06
1 4 20 2e-06
1 4 20 2e-06
1 4 20 1e-06
1 4 20 2e-06
1 4 20 2e-06
1 4 20 2e-06
1 4 20 1e-06
1 4 20 1e-06
1 4 20 2e-06
1 4 20 2e-06
1 4 20 2e-06
1 4 20 1e-06
1 4 20 2e-06
1 4 20 2e-06
1 4 20 1e-06
1 4 20 1e-06
1 4 20 1e-06
1 4 20 2e-06
1 20 20 3.7e-05
1 20 20 3.7e-05
1 20 20 5.2e-05
1 20 20 6.1e-05
1 20 20 3.6e-05
1 20 20 6.7e-05
1 20 20 6.2e-05
1 20 20 6.6e-05
1 20 20 5.3e-05
1 20 20 4.8e-05
1 20 20 3.7e-05
1 20 20 3.7e-05
1 20 20 3.7e-05
1 20 20 6.2e-05
1 20 20 4.1e-05
1 20 20 3.7e-05
1 20 20 3.7e-05
1 20 20 5.1e-05
1 20 20 6.7e-05
1 20 20 4.8e-05
1 50 20 0.000548
1 50 20 0.000541
1 50 20 0.000546
1 50 20 0.000789
1 50 20 0.000931
1 50 20 0.000778
1 50 20 0.000557
1 50 20 0.001105
1 50 20 0.001554
1 50 20 0.001073
1 50 20 0.001153
1 50 20 0.000577
1 50 20 0.001046
1 50 20 0.001768
1 50 20 0.001119
1 50 20 0.001066
1 50 20 0.001026
1 50 20 0.001011
1 50 20 0.000794
1 50 20 0.001021
1 100 20 0.005395
1 100 20 0.004684
1 100 20 0.00843
1 100 20 0.007434
1 100 20 0.007666
1 100 20 0.006506
1 100 20 0.006052
1 100 20 0.005953
1 100 20 0.006101
1 100 20 0.004689
1 100 20 0.005969
1 100 20 0.004696
1 100 20 0.00729
1 100 20 0.004845
1 100 20 0.016336
1 100 20 0.005233
1 100 20 0.00825
1 100 20 0.005685
1 100 20 0.010517
1 100 20 0.005553
1 200 20 0.097095
1 200 20 0.050024
1 200 20 0.047203
1 200 20 0.048299
1 200 20 0.046989
1 200 20 0.047137
1 200 20 0.046139
1 200 20 0.045823
1 200 20 0.045429
1 200 20 0.051323
1 200 20 0.046527
1 200 20 0.04669
1 200 20 0.046765
1 200 20 0.051242
1 200 20 0.053768
1 200 20 0.055646
1 200 20 0.053826
1 200 20 0.051143
1 200 20 0.047728
1 200 20 0.047069
1 500 20 1.40114
1 500 20 1.54283
1 500 20 1.37424
1 500 20 1.32924
1 500 20 1.61774
1 500 20 1.37803
1 500 20 1.55516
1 500 20 1.47081
1 500 20 1.63658
1 500 20 1.53755
1 500 20 1.20427
1 500 20 1.29623
1 500 20 1.6309
1 500 20 1.252
1 500 20 1.60135
1 500 20 1.56181
1 500 20 1.33186
1 500 20 1.51705
1 500 20 1.47213
1 500 20 1.59286
1 1000 20 13.0152
1 1000 20 13.9778
1 1000 20 13.2054
1 1000 20 11.893
1 1000 20 12.9215
1 1000 20 12.3108
1 1000 20 12.3185
1 1000 20 13.0295
1 1000 20 12.7974
1 1000 20 13.0208
1 1000 20 13.4838
1 1000 20 12.5849
1 1000 20 12.8355
1 1000 20 14.8693
1 1000 20 13.5572
1 1000 20 12.1553
1 1000 20 12.9747
1 1000 20 13.5763
1 1000 20 12.4387
1 1000 20 13.7905
