1 125 20 0.014348
1 125 20 0.011957
1 125 20 0.018964
1 125 20 0.020738
1 125 20 0.020604
1 125 20 0.022868
1 125 20 0.012684
1 125 20 0.020529
1 125 20 0.012213
1 125 20 0.020809
1 125 20 0.013721
1 125 20 0.038944
1 125 20 0.024129
1 125 20 0.021071
1 125 20 0.015467
1 125 20 0.021109
1 125 20 0.013604
1 125 20 0.020155
1 125 20 0.0129
1 125 20 0.017738
2 125 20 0.086836
2 125 20 0.112797
2 125 20 0.08718
2 125 20 0.08755
2 125 20 0.089256
2 125 20 0.095817
2 125 20 0.088131
2 125 20 0.088451
2 125 20 0.097366
2 125 20 0.092067
2 125 20 0.106134
2 125 20 0.154483
2 125 20 0.177815
2 125 20 0.117078
2 125 20 0.11014
2 125 20 0.114589
2 125 20 0.097799
2 125 20 0.089697
2 125 20 0.081857
2 125 20 0.087029
4 125 20 0.584108
4 125 20 0.774651
4 125 20 0.686673
4 125 20 0.710518
4 125 20 0.728947
4 125 20 0.600515
4 125 20 0.622952
4 125 20 0.63291
4 125 20 0.677179
4 125 20 0.747323
4 125 20 0.730355
4 125 20 0.708382
4 125 20 0.773773
4 125 20 0.706788
4 125 20 0.639018
4 125 20 0.846864
4 125 20 0.750601
4 125 20 0.626908
4 125 20 0.722363
4 125 20 0.649881
6 125 20 4.51196
6 125 20 4.27976
6 125 20 4.4156
6 125 20 4.71106
6 125 20 4.67353
6 125 20 5.18001
6 125 20 5.03701
6 125 20 5.21733
6 125 20 5.54347
6 125 20 5.89822
6 125 20 5.64481
6 125 20 6.70833
6 125 20 7.45521
6 125 20 6.51629
6 125 20 6.69875
6 125 20 6.65514
6 125 20 7.32731
6 125 20 7.46384
6 125 20 7.25992
6 125 20 7.09069
8 125 20 4.69582
8 125 20 5.00983
8 125 20 5.77436
8 125 20 6.20263
8 125 20 6.45838
8 125 20 5.64132
8 125 20 5.72485
8 125 20 5.98619
8 125 20 5.85138
8 125 20 6.34171
8 125 20 6.6441
8 125 20 6.49014
8 125 20 6.87774
8 125 20 7.98648
8 125 20 6.75519
8 125 20 7.93659
8 125 20 6.72561
8 125 20 7.77574
8 125 20 7.7301
8 125 20 6.95177
