1 500 1 1.16144
1 500 1 1.22527
1 500 1 1.6406
1 500 1 1.55748
1 500 1 1.22584
1 500 1 1.20465
1 500 1 1.19355
1 500 1 1.18314
1 500 1 1.25142
1 500 1 1.23089
1 500 1 1.19743
1 500 1 1.26385
1 500 1 1.19865
1 500 1 1.19942
1 500 1 1.21357
1 500 1 1.17913
1 500 1 1.32111
1 500 1 1.2101
1 500 1 1.22864
1 500 1 1.17654
1 500 2 1.1466
1 500 2 1.337
1 500 2 1.0371
1 500 2 1.48483
1 500 2 1.39553
1 500 2 1.04351
1 500 2 1.61587
1 500 2 1.05806
1 500 2 1.07615
1 500 2 1.03427
1 500 2 1.19142
1 500 2 1.19442
1 500 2 1.53534
1 500 2 1.43535
1 500 2 1.28143
1 500 2 1.19495
1 500 2 1.33109
1 500 2 1.45721
1 500 2 1.57916
1 500 2 2.26239
1 500 3 1.6252
1 500 3 1.15925
1 500 3 1.17015
1 500 3 1.18893
1 500 3 1.05075
1 500 3 1.14671
1 500 3 1.09472
1 500 3 1.28963
1 500 3 1.12897
1 500 3 1.21158
1 500 3 1.15087
1 500 3 1.23076
1 500 3 1.05095
1 500 3 1.06492
1 500 3 1.03763
1 500 3 1.21924
1 500 3 1.08974
1 500 3 1.12699
1 500 3 1.19796
1 500 3 1.11697
1 500 4 1.1284
1 500 4 1.00539
1 500 4 1.43893
1 500 4 1.33678
1 500 4 1.29595
1 500 4 1.51808
1 500 4 1.29393
1 500 4 1.21951
1 500 4 1.08048
1 500 4 1.11384
1 500 4 1.02127
1 500 4 1.18154
1 500 4 1.50123
1 500 4 1.07307
1 500 4 1.20805
1 500 4 1.12732
1 500 4 1.06239
1 500 4 1.65718
1 500 4 1.13365
1 500 4 1.21108
1 500 5 1.23802
1 500 5 1.18324
1 500 5 1.1183
1 500 5 1.22614
1 500 5 1.53757
1 500 5 1.40557
1 500 5 1.14282
1 500 5 1.03817
1 500 5 1.13011
1 500 5 1.24873
1 500 5 1.1544
1 500 5 1.06377
1 500 5 1.03672
1 500 5 1.14498
1 500 5 1.04411
1 500 5 1.26162
1 500 5 1.1687
1 500 5 1.21705
1 500 5 1.15035
1 500 5 1.29603
1 500 6 1.05528
1 500 6 1.1132
1 500 6 1.07591
1 500 6 1.13667
1 500 6 1.16217
1 500 6 1.16069
1 500 6 0.998032
1 500 6 1.08788
1 500 6 1.00436
1 500 6 1.08706
1 500 6 1.01783
1 500 6 0.999226
1 500 6 1.33779
1 500 6 1.04772
1 500 6 1.00233
1 500 6 1.10934
1 500 6 1.09347
1 500 6 0.99844
1 500 6 1.00394
1 500 6 1.07036
1 500 7 1.207
1 500 7 1.05881
1 500 7 1.41104
1 500 7 1.09905
1 500 7 1.15186
1 500 7 1.0334
1 500 7 1.12255
1 500 7 1.03627
1 500 7 1.17209
1 500 7 1.14047
1 500 7 1.22028
1 500 7 1.14419
1 500 7 1.44899
1 500 7 1.21255
1 500 7 1.26482
1 500 7 1.08043
1 500 7 1.12665
1 500 7 1.05477
1 500 7 1.08722
1 500 7 1.15505
1 500 8 1.07674
1 500 8 1.11938
1 500 8 1.42953
1 500 8 1.16348
1 500 8 1.09067
1 500 8 1.17119
1 500 8 1.11132
1 500 8 1.18426
1 500 8 1.39777
1 500 8 1.19123
1 500 8 1.06728
1 500 8 1.12842
1 500 8 1.09529
1 500 8 1.08453
1 500 8 1.29218
1 500 8 1.08095
1 500 8 1.07863
1 500 8 1.04721
1 500 8 1.22108
1 500 8 1.13437
1 500 9 1.54352
1 500 9 1.16786
1 500 9 1.29947
1 500 9 1.10164
1 500 9 1.22421
1 500 9 1.11378
1 500 9 1.55915
1 500 9 1.32127
1 500 9 1.04187
1 500 9 1.30758
1 500 9 1.61122
1 500 9 1.13379
1 500 9 0.994386
1 500 9 1.1081
1 500 9 1.06993
1 500 9 1.09678
1 500 9 1.15569
1 500 9 1.1806
1 500 9 1.32218
1 500 9 1.08344
1 500 10 1.44828
1 500 10 1.35007
1 500 10 1.09117
1 500 10 1.55101
1 500 10 1.17024
1 500 10 1.16532
1 500 10 1.47224
1 500 10 1.69061
1 500 10 1.08275
1 500 10 1.05747
1 500 10 1.05069
1 500 10 1.06087
1 500 10 1.53769
1 500 10 1.09114
1 500 10 1.18797
1 500 10 1.06171
1 500 10 1.39083
1 500 10 1.201
1 500 10 1.08141
1 500 10 1.19492
1 500 11 1.23099
1 500 11 1.34293
1 500 11 1.23101
1 500 11 1.36059
1 500 11 1.08072
1 500 11 1.28626
1 500 11 1.36282
1 500 11 1.25695
1 500 11 1.14959
1 500 11 1.08705
1 500 11 1.11832
1 500 11 1.35544
1 500 11 1.47298
1 500 11 1.36942
1 500 11 1.15811
1 500 11 1.51329
1 500 11 1.13364
1 500 11 1.17494
1 500 11 1.28528
1 500 11 1.44699
1 500 12 1.12801
1 500 12 1.38598
1 500 12 1.50368
1 500 12 1.3236
1 500 12 1.71173
1 500 12 1.22365
1 500 12 1.53801
1 500 12 1.18916
1 500 12 1.15084
1 500 12 1.43708
1 500 12 1.52076
1 500 12 1.51191
1 500 12 1.54535
1 500 12 1.16074
1 500 12 1.69338
1 500 12 1.18106
1 500 12 1.23953
1 500 12 1.54576
1 500 12 1.3284
1 500 12 1.21606
1 500 13 1.22703
1 500 13 1.40681
1 500 13 1.56817
1 500 13 1.45708
1 500 13 1.45438
1 500 13 1.49772
1 500 13 1.39014
1 500 13 1.3915
1 500 13 1.20264
1 500 13 1.43503
1 500 13 1.54341
1 500 13 1.43503
1 500 13 1.66962
1 500 13 1.22255
1 500 13 1.44978
1 500 13 1.23223
1 500 13 1.89518
1 500 13 1.22726
1 500 13 1.18949
1 500 13 1.04892
1 500 14 1.49872
1 500 14 1.31114
1 500 14 1.43753
1 500 14 1.66122
1 500 14 1.99754
1 500 14 2.4039
1 500 14 1.6739
1 500 14 1.75739
1 500 14 1.29011
1 500 14 1.2898
1 500 14 1.20533
1 500 14 1.26499
1 500 14 1.52437
1 500 14 1.44145
1 500 14 1.36871
1 500 14 1.51182
1 500 14 1.08074
1 500 14 1.0834
1 500 14 1.08861
1 500 14 1.09958
1 500 15 1.3474
1 500 15 1.18208
1 500 15 1.25323
1 500 15 1.42458
1 500 15 1.63785
1 500 15 1.8746
1 500 15 1.16475
1 500 15 1.2783
1 500 15 1.07758
1 500 15 1.22551
1 500 15 1.14967
1 500 15 1.06497
1 500 15 1.06888
1 500 15 1.07261
1 500 15 1.09028
1 500 15 1.09083
1 500 15 1.27255
1 500 15 1.3624
1 500 15 1.70687
1 500 15 1.25426
1 500 16 1.47826
1 500 16 1.09341
1 500 16 1.5984
1 500 16 1.14282
1 500 16 1.24147
1 500 16 1.12452
1 500 16 1.39347
1 500 16 1.17871
1 500 16 1.19812
1 500 16 1.21612
1 500 16 1.34649
1 500 16 1.20951
1 500 16 1.29309
1 500 16 1.41821
1 500 16 1.16999
1 500 16 1.08186
1 500 16 1.13278
1 500 16 1.20159
1 500 16 1.20443
1 500 16 1.27899
1 500 17 1.51959
1 500 17 1.07674
1 500 17 1.14441
1 500 17 1.20795
1 500 17 1.1341
1 500 17 1.1493
1 500 17 1.25055
1 500 17 1.50978
1 500 17 1.4245
1 500 17 1.07325
1 500 17 1.0938
1 500 17 1.08927
1 500 17 1.14613
1 500 17 1.17748
1 500 17 1.09542
1 500 17 1.21952
1 500 17 1.28135
1 500 17 1.63898
1 500 17 1.1462
1 500 17 1.0844
1 500 18 1.22474
1 500 18 1.32629
1 500 18 1.38707
1 500 18 1.39423
1 500 18 1.39741
1 500 18 1.1
1 500 18 1.09445
1 500 18 1.27608
1 500 18 1.38949
1 500 18 1.21722
1 500 18 1.09596
1 500 18 1.12038
1 500 18 1.22537
1 500 18 1.20482
1 500 18 1.14294
1 500 18 1.25204
1 500 18 1.12776
1 500 18 1.19718
1 500 18 1.28579
1 500 18 1.18862
1 500 19 1.12633
1 500 19 1.08586
1 500 19 1.19659
1 500 19 1.08345
1 500 19 1.17778
1 500 19 1.093
1 500 19 1.088
1 500 19 1.06746
1 500 19 1.08363
1 500 19 1.07288
1 500 19 1.19485
1 500 19 1.12468
1 500 19 1.08077
1 500 19 1.21556
1 500 19 1.31453
1 500 19 1.31493
1 500 19 1.4266
1 500 19 1.46081
1 500 19 1.2037
1 500 19 1.2067
1 500 20 1.05143
1 500 20 1.08877
1 500 20 1.15805
1 500 20 1.20334
1 500 20 1.42124
1 500 20 1.21746
1 500 20 1.26757
1 500 20 1.07275
1 500 20 1.07757
1 500 20 1.06868
1 500 20 1.07322
1 500 20 1.06793
1 500 20 1.08025
1 500 20 1.08684
1 500 20 1.09473
1 500 20 1.07311
1 500 20 1.37575
1 500 20 1.23432
1 500 20 1.30725
1 500 20 1.67333
1 500 21 1.43124
1 500 21 1.08555
1 500 21 1.11774
1 500 21 1.1207
1 500 21 1.09189
1 500 21 1.0803
1 500 21 1.09339
1 500 21 1.082
1 500 21 1.12109
1 500 21 1.08871
1 500 21 1.22343
1 500 21 1.22169
1 500 21 1.07918
1 500 21 1.20164
1 500 21 1.14512
1 500 21 1.19316
1 500 21 1.14231
1 500 21 1.16702
1 500 21 1.37218
1 500 21 1.27696
1 500 22 1.18538
1 500 22 1.31951
1 500 22 1.70686
1 500 22 1.41475
1 500 22 1.55895
1 500 22 1.27442
1 500 22 1.30628
1 500 22 1.36104
1 500 22 1.36385
1 500 22 1.22556
1 500 22 1.41479
1 500 22 1.46449
1 500 22 1.54914
1 500 22 1.27144
1 500 22 1.17682
1 500 22 1.83612
1 500 22 1.45021
1 500 22 1.51651
1 500 22 1.48676
1 500 22 1.19729
1 500 23 1.33812
1 500 23 1.79274
1 500 23 1.5042
1 500 23 1.68824
1 500 23 1.57268
1 500 23 1.3844
1 500 23 1.1995
1 500 23 1.33042
1 500 23 1.12691
1 500 23 1.32526
1 500 23 1.45615
1 500 23 1.68796
1 500 23 1.2742
1 500 23 1.46538
1 500 23 1.14985
1 500 23 1.41075
1 500 23 1.26096
1 500 23 1.41679
1 500 23 1.10192
1 500 23 1.42802
1 500 24 1.09056
1 500 24 1.16983
1 500 24 1.42226
1 500 24 1.08974
1 500 24 1.08821
1 500 24 1.07456
1 500 24 1.17407
1 500 24 1.06755
1 500 24 1.22888
1 500 24 1.10494
1 500 24 1.11084
1 500 24 1.06523
1 500 24 1.07589
1 500 24 1.0933
1 500 24 1.14096
1 500 24 1.16778
1 500 24 1.12326
1 500 24 1.69144
1 500 24 1.14897
1 500 24 1.45491
1 500 25 1.38164
1 500 25 1.13305
1 500 25 1.22525
1 500 25 1.34253
1 500 25 1.20226
1 500 25 1.0998
1 500 25 1.10677
1 500 25 1.08921
1 500 25 1.09577
1 500 25 1.08356
1 500 25 1.52759
1 500 25 1.24753
1 500 25 1.3143
1 500 25 1.34387
1 500 25 1.47418
1 500 25 1.25411
1 500 25 1.3004
1 500 25 1.29773
1 500 25 1.32957
1 500 25 1.2021
1 200 1 0.052692
1 200 1 0.042679
1 200 1 0.061552
1 200 1 0.077811
1 200 1 0.043892
1 200 1 0.043655
1 200 1 0.045468
1 200 1 0.048867
1 200 1 0.042749
1 200 1 0.055018
1 200 1 0.044142
1 200 1 0.043045
1 200 1 0.043025
1 200 1 0.042888
1 200 1 0.045407
1 200 1 0.042966
1 200 1 0.062043
1 200 1 0.050132
1 200 1 0.049371
1 200 1 0.045037
1 200 2 0.051864
1 200 2 0.04578
1 200 2 0.043107
1 200 2 0.04637
1 200 2 0.069647
1 200 2 0.0509
1 200 2 0.074473
1 200 2 0.045951
1 200 2 0.042778
1 200 2 0.051725
1 200 2 0.046135
1 200 2 0.051962
1 200 2 0.042706
1 200 2 0.04252
1 200 2 0.042876
1 200 2 0.049899
1 200 2 0.047695
1 200 2 0.049044
1 200 2 0.050159
1 200 2 0.044598
1 200 3 0.043233
1 200 3 0.047957
1 200 3 0.05245
1 200 3 0.042669
1 200 3 0.042568
1 200 3 0.043528
1 200 3 0.042303
1 200 3 0.045599
1 200 3 0.045766
1 200 3 0.042625
1 200 3 0.042846
1 200 3 0.042531
1 200 3 0.042732
1 200 3 0.046098
1 200 3 0.046643
1 200 3 0.042946
1 200 3 0.04539
1 200 3 0.043091
1 200 3 0.042455
1 200 3 0.043489
1 200 4 0.057408
1 200 4 0.04306
1 200 4 0.04283
1 200 4 0.04762
1 200 4 0.043789
1 200 4 0.042776
1 200 4 0.047086
1 200 4 0.042658
1 200 4 0.043988
1 200 4 0.051326
1 200 4 0.043193
1 200 4 0.05157
1 200 4 0.047984
1 200 4 0.045286
1 200 4 0.043691
1 200 4 0.043322
1 200 4 0.051834
1 200 4 0.042969
1 200 4 0.042673
1 200 4 0.043452
1 200 5 0.048041
1 200 5 0.042967
1 200 5 0.04981
1 200 5 0.084524
1 200 5 0.044382
1 200 5 0.043299
1 200 5 0.060998
1 200 5 0.044034
1 200 5 0.04268
1 200 5 0.045906
1 200 5 0.043976
1 200 5 0.053172
1 200 5 0.053228
1 200 5 0.091868
1 200 5 0.047684
1 200 5 0.051652
1 200 5 0.048283
1 200 5 0.061914
1 200 5 0.052752
1 200 5 0.069408
1 200 6 0.060565
1 200 6 0.052815
1 200 6 0.043327
1 200 6 0.043864
1 200 6 0.043362
1 200 6 0.05966
1 200 6 0.043266
1 200 6 0.043195
1 200 6 0.043142
1 200 6 0.043073
1 200 6 0.042837
1 200 6 0.043077
1 200 6 0.042795
1 200 6 0.046094
1 200 6 0.042784
1 200 6 0.045891
1 200 6 0.043137
1 200 6 0.043041
1 200 6 0.050084
1 200 6 0.043023
1 200 7 0.043456
1 200 7 0.045435
1 200 7 0.044102
1 200 7 0.069707
1 200 7 0.110565
1 200 7 0.059654
1 200 7 0.074109
1 200 7 0.06743
1 200 7 0.04608
1 200 7 0.043116
1 200 7 0.057284
1 200 7 0.051234
1 200 7 0.04783
1 200 7 0.049152
1 200 7 0.048956
1 200 7 0.049267
1 200 7 0.073958
1 200 7 0.046149
1 200 7 0.048625
1 200 7 0.056508
1 200 8 0.103193
1 200 8 0.078165
1 200 8 0.045334
1 200 8 0.049409
1 200 8 0.051897
1 200 8 0.077594
1 200 8 0.067327
1 200 8 0.058434
1 200 8 0.059772
1 200 8 0.047437
1 200 8 0.052366
1 200 8 0.050329
1 200 8 0.051642
1 200 8 0.05307
1 200 8 0.051921
1 200 8 0.050589
1 200 8 0.048441
1 200 8 0.054519
1 200 8 0.080954
1 200 8 0.126166
1 200 9 0.112459
1 200 9 0.08305
1 200 9 0.049018
1 200 9 0.045774
1 200 9 0.081338
1 200 9 0.058331
1 200 9 0.048538
1 200 9 0.060713
1 200 9 0.045846
1 200 9 0.049684
1 200 9 0.065388
1 200 9 0.05241
1 200 9 0.058647
1 200 9 0.064766
1 200 9 0.085677
1 200 9 0.076791
1 200 9 0.051371
1 200 9 0.052538
1 200 9 0.053836
1 200 9 0.071022
1 200 10 0.06661
1 200 10 0.094492
1 200 10 0.050983
1 200 10 0.060287
1 200 10 0.068195
1 200 10 0.058989
1 200 10 0.050415
1 200 10 0.065751
1 200 10 0.072374
1 200 10 0.068666
1 200 10 0.065569
1 200 10 0.049172
1 200 10 0.082979
1 200 10 0.068445
1 200 10 0.048777
1 200 10 0.066131
1 200 10 0.076169
1 200 10 0.069508
1 200 10 0.065106
1 200 10 0.052291
1 200 11 0.047772
1 200 11 0.055581
1 200 11 0.052555
1 200 11 0.043751
1 200 11 0.043806
1 200 11 0.045831
1 200 11 0.049783
1 200 11 0.044733
1 200 11 0.049975
1 200 11 0.046423
1 200 11 0.049291
1 200 11 0.047229
1 200 11 0.050191
1 200 11 0.059985
1 200 11 0.046625
1 200 11 0.048869
1 200 11 0.05496
1 200 11 0.044401
1 200 11 0.048857
1 200 11 0.07726
1 200 12 0.045713
1 200 12 0.043276
1 200 12 0.048849
1 200 12 0.043941
1 200 12 0.047423
1 200 12 0.045837
1 200 12 0.055472
1 200 12 0.052096
1 200 12 0.046108
1 200 12 0.05265
1 200 12 0.063767
1 200 12 0.046561
1 200 12 0.047321
1 200 12 0.05058
1 200 12 0.048747
1 200 12 0.048556
1 200 12 0.046415
1 200 12 0.056643
1 200 12 0.047711
1 200 12 0.047742
1 200 13 0.062785
1 200 13 0.054577
1 200 13 0.049241
1 200 13 0.055827
1 200 13 0.047522
1 200 13 0.053553
1 200 13 0.049383
1 200 13 0.093043
1 200 13 0.045864
1 200 13 0.080647
1 200 13 0.044465
1 200 13 0.04982
1 200 13 0.050009
1 200 13 0.054678
1 200 13 0.056415
1 200 13 0.080103
1 200 13 0.053364
1 200 13 0.088172
1 200 13 0.154019
1 200 13 0.044187
1 200 14 0.05141
1 200 14 0.076431
1 200 14 0.057048
1 200 14 0.053212
1 200 14 0.060572
1 200 14 0.047744
1 200 14 0.062341
1 200 14 0.053396
1 200 14 0.144491
1 200 14 0.057265
1 200 14 0.069795
1 200 14 0.049163
1 200 14 0.059009
1 200 14 0.053629
1 200 14 0.049806
1 200 14 0.050217
1 200 14 0.046286
1 200 14 0.061845
1 200 14 0.047148
1 200 14 0.048853
1 200 15 0.053985
1 200 15 0.054107
1 200 15 0.054323
1 200 15 0.048028
1 200 15 0.048926
1 200 15 0.048717
1 200 15 0.070168
1 200 15 0.048304
1 200 15 0.05271
1 200 15 0.047708
1 200 15 0.050847
1 200 15 0.046539
1 200 15 0.04592
1 200 15 0.052708
1 200 15 0.051318
1 200 15 0.046859
1 200 15 0.046217
1 200 15 0.054451
1 200 15 0.049852
1 200 15 0.04553
1 200 16 0.048728
1 200 16 0.071802
1 200 16 0.065378
1 200 16 0.043031
1 200 16 0.04429
1 200 16 0.048687
1 200 16 0.044761
1 200 16 0.047615
1 200 16 0.048151
1 200 16 0.053618
1 200 16 0.050567
1 200 16 0.049708
1 200 16 0.043527
1 200 16 0.055464
1 200 16 0.051181
1 200 16 0.051325
1 200 16 0.050907
1 200 16 0.052243
1 200 16 0.043994
1 200 16 0.043349
1 200 17 0.087251
1 200 17 0.058915
1 200 17 0.052802
1 200 17 0.0436
1 200 17 0.044269
1 200 17 0.061367
1 200 17 0.045134
1 200 17 0.043332
1 200 17 0.044837
1 200 17 0.043902
1 200 17 0.04316
1 200 17 0.042611
1 200 17 0.042491
1 200 17 0.0434
1 200 17 0.049262
1 200 17 0.042729
1 200 17 0.043161
1 200 17 0.045146
1 200 17 0.043073
1 200 17 0.052777
1 200 18 0.056952
1 200 18 0.066367
1 200 18 0.053889
1 200 18 0.047424
1 200 18 0.0431
1 200 18 0.044345
1 200 18 0.04939
1 200 18 0.048053
1 200 18 0.042961
1 200 18 0.043601
1 200 18 0.052779
1 200 18 0.045811
1 200 18 0.046844
1 200 18 0.05466
1 200 18 0.063187
1 200 18 0.042507
1 200 18 0.043037
1 200 18 0.042848
1 200 18 0.042731
1 200 18 0.0536
1 200 19 0.043665
1 200 19 0.042928
1 200 19 0.048784
1 200 19 0.064464
1 200 19 0.043952
1 200 19 0.043281
1 200 19 0.042524
1 200 19 0.043577
1 200 19 0.056401
1 200 19 0.043328
1 200 19 0.043565
1 200 19 0.04253
1 200 19 0.043001
1 200 19 0.043264
1 200 19 0.043806
1 200 19 0.052426
1 200 19 0.043678
1 200 19 0.063919
1 200 19 0.060392
1 200 19 0.048925
1 200 20 0.17809
1 200 20 0.123458
1 200 20 0.094727
1 200 20 0.063659
1 200 20 0.075563
1 200 20 0.076577
1 200 20 0.083769
1 200 20 0.054025
1 200 20 0.048492
1 200 20 0.053732
1 200 20 0.049871
1 200 20 0.066156
1 200 20 0.045368
1 200 20 0.048347
1 200 20 0.049131
1 200 20 0.044807
1 200 20 0.047622
1 200 20 0.046614
1 200 20 0.048824
1 200 20 0.046011
1 200 21 0.068038
1 200 21 0.053314
1 200 21 0.04477
1 200 21 0.051683
1 200 21 0.057825
1 200 21 0.069553
1 200 21 0.045575
1 200 21 0.047459
1 200 21 0.044968
1 200 21 0.048777
1 200 21 0.04657
1 200 21 0.050145
1 200 21 0.045973
1 200 21 0.062832
1 200 21 0.045168
1 200 21 0.046343
1 200 21 0.055823
1 200 21 0.044406
1 200 21 0.044994
1 200 21 0.047954
1 200 22 0.057954
1 200 22 0.048462
1 200 22 0.0448
1 200 22 0.045249
1 200 22 0.045458
1 200 22 0.05716
1 200 22 0.046191
1 200 22 0.047585
1 200 22 0.044326
1 200 22 0.044535
1 200 22 0.044853
1 200 22 0.044114
1 200 22 0.0455
1 200 22 0.046187
1 200 22 0.055106
1 200 22 0.044227
1 200 22 0.045066
1 200 22 0.045343
1 200 22 0.048632
1 200 22 0.045449
1 200 23 0.070052
1 200 23 0.087625
1 200 23 0.060405
1 200 23 0.04853
1 200 23 0.048742
1 200 23 0.048943
1 200 23 0.07397
1 200 23 0.056629
1 200 23 0.046109
1 200 23 0.15661
1 200 23 0.046519
1 200 23 0.045217
1 200 23 0.056013
1 200 23 0.058067
1 200 23 0.047737
1 200 23 0.058121
1 200 23 0.048401
1 200 23 0.045861
1 200 23 0.06634
1 200 23 0.046471
1 200 24 0.057928
1 200 24 0.046534
1 200 24 0.045369
1 200 24 0.047005
1 200 24 0.045495
1 200 24 0.046925
1 200 24 0.044166
1 200 24 0.053561
1 200 24 0.045567
1 200 24 0.045485
1 200 24 0.045092
1 200 24 0.045137
1 200 24 0.044939
1 200 24 0.045713
1 200 24 0.049561
1 200 24 0.045067
1 200 24 0.056153
1 200 24 0.045561
1 200 24 0.045799
1 200 24 0.045816
1 200 25 0.077341
1 200 25 0.051166
1 200 25 0.051227
1 200 25 0.049811
1 200 25 0.054033
1 200 25 0.09171
1 200 25 0.074573
1 200 25 0.05848
1 200 25 0.05993
1 200 25 0.067609
1 200 25 0.052257
1 200 25 0.061959
1 200 25 0.060669
1 200 25 0.064222
1 200 25 0.050895
1 200 25 0.05059
1 200 25 0.048416
1 200 25 0.050292
1 200 25 0.044654
1 200 25 0.043686
1 100 1 0.005632
1 100 1 0.005958
1 100 1 0.006087
1 100 1 0.005215
1 100 1 0.009178
1 100 1 0.004695
1 100 1 0.004818
1 100 1 0.005289
1 100 1 0.004631
1 100 1 0.00592
1 100 1 0.005318
1 100 1 0.007522
1 100 1 0.014918
1 100 1 0.005132
1 100 1 0.004746
1 100 1 0.004839
1 100 1 0.005287
1 100 1 0.0048
1 100 1 0.005224
1 100 1 0.004624
1 100 2 0.004792
1 100 2 0.007757
1 100 2 0.005101
1 100 2 0.008596
1 100 2 0.006183
1 100 2 0.004733
1 100 2 0.00494
1 100 2 0.004773
1 100 2 0.006356
1 100 2 0.004802
1 100 2 0.006056
1 100 2 0.005147
1 100 2 0.006193
1 100 2 0.004736
1 100 2 0.004615
1 100 2 0.005179
1 100 2 0.006118
1 100 2 0.005096
1 100 2 0.004919
1 100 2 0.004646
1 100 3 0.00529
1 100 3 0.005852
1 100 3 0.006384
1 100 3 0.005756
1 100 3 0.005157
1 100 3 0.005078
1 100 3 0.006025
1 100 3 0.004793
1 100 3 0.00583
1 100 3 0.007173
1 100 3 0.006869
1 100 3 0.004651
1 100 3 0.004774
1 100 3 0.004882
1 100 3 0.005299
1 100 3 0.004613
1 100 3 0.004775
1 100 3 0.004629
1 100 3 0.007072
1 100 3 0.007065
1 100 4 0.004712
1 100 4 0.006093
1 100 4 0.03086
1 100 4 0.005515
1 100 4 0.009488
1 100 4 0.012386
1 100 4 0.005576
1 100 4 0.012974
1 100 4 0.004822
1 100 4 0.005907
1 100 4 0.013132
1 100 4 0.006741
1 100 4 0.007578
1 100 4 0.007956
1 100 4 0.008905
1 100 4 0.005249
1 100 4 0.007648
1 100 4 0.006689
1 100 4 0.025392
1 100 4 0.005353
1 100 5 0.004955
1 100 5 0.006921
1 100 5 0.00726
1 100 5 0.016451
1 100 5 0.012416
1 100 5 0.010935
1 100 5 0.008884
1 100 5 0.007763
1 100 5 0.009143
1 100 5 0.005457
1 100 5 0.007524
1 100 5 0.004961
1 100 5 0.004903
1 100 5 0.008169
1 100 5 0.008228
1 100 5 0.004735
1 100 5 0.019467
1 100 5 0.007791
1 100 5 0.00855
1 100 5 0.006349
1 100 6 0.004645
1 100 6 0.008218
1 100 6 0.007234
1 100 6 0.007552
1 100 6 0.012768
1 100 6 0.008138
1 100 6 0.011988
1 100 6 0.006209
1 100 6 0.005585
1 100 6 0.007809
1 100 6 0.00987
1 100 6 0.006522
1 100 6 0.005867
1 100 6 0.009768
1 100 6 0.005824
1 100 6 0.007374
1 100 6 0.006197
1 100 6 0.005419
1 100 6 0.005977
1 100 6 0.008215
1 100 7 0.00462
1 100 7 0.007825
1 100 7 0.047552
1 100 7 0.008224
1 100 7 0.00664
1 100 7 0.00637
1 100 7 0.008866
1 100 7 0.010756
1 100 7 0.006065
1 100 7 0.008235
1 100 7 0.009513
1 100 7 0.008622
1 100 7 0.007207
1 100 7 0.008246
1 100 7 0.008138
1 100 7 0.00711
1 100 7 0.007519
1 100 7 0.006261
1 100 7 0.008491
1 100 7 0.005678
1 100 8 0.008616
1 100 8 0.010445
1 100 8 0.014585
1 100 8 0.011526
1 100 8 0.009764
1 100 8 0.014693
1 100 8 0.016498
1 100 8 0.012069
1 100 8 0.04029
1 100 8 0.015072
1 100 8 0.012971
1 100 8 0.012141
1 100 8 0.012177
1 100 8 0.01064
1 100 8 0.004773
1 100 8 0.011971
1 100 8 0.009689
1 100 8 0.005104
1 100 8 0.006402
1 100 8 0.004911
1 100 9 0.004757
1 100 9 0.005463
1 100 9 0.012185
1 100 9 0.014924
1 100 9 0.01306
1 100 9 0.010004
1 100 9 0.015681
1 100 9 0.009109
1 100 9 0.006351
1 100 9 0.008058
1 100 9 0.011306
1 100 9 0.009189
1 100 9 0.005531
1 100 9 0.007606
1 100 9 0.006381
1 100 9 0.008141
1 100 9 0.008501
1 100 9 0.02088
1 100 9 0.006029
1 100 9 0.005707
1 100 10 0.009476
1 100 10 0.019237
1 100 10 0.007535
1 100 10 0.007399
1 100 10 0.007912
1 100 10 0.006575
1 100 10 0.006368
1 100 10 0.004977
1 100 10 0.008453
1 100 10 0.008954
1 100 10 0.008252
1 100 10 0.00601
1 100 10 0.005073
1 100 10 0.005326
1 100 10 0.004854
1 100 10 0.004811
1 100 10 0.004653
1 100 10 0.017177
1 100 10 0.005319
1 100 10 0.004914
1 100 11 0.005885
1 100 11 0.006101
1 100 11 0.008851
1 100 11 0.009642
1 100 11 0.006148
1 100 11 0.006998
1 100 11 0.023981
1 100 11 0.089831
1 100 11 0.030255
1 100 11 0.011655
1 100 11 0.021624
1 100 11 0.016212
1 100 11 0.009457
1 100 11 0.009551
1 100 11 0.009291
1 100 11 0.010166
1 100 11 0.005549
1 100 11 0.010784
1 100 11 0.005302
1 100 11 0.004851
1 100 12 0.00504
1 100 12 0.004935
1 100 12 0.006406
1 100 12 0.006609
1 100 12 0.01864
1 100 12 0.008811
1 100 12 0.009925
1 100 12 0.008207
1 100 12 0.011528
1 100 12 0.018872
1 100 12 0.012391
1 100 12 0.009937
1 100 12 0.005746
1 100 12 0.007579
1 100 12 0.005534
1 100 12 0.006387
1 100 12 0.006651
1 100 12 0.00555
1 100 12 0.00737
1 100 12 0.006025
1 100 13 0.004645
1 100 13 0.00494
1 100 13 0.00478
1 100 13 0.014933
1 100 13 0.014998
1 100 13 0.009055
1 100 13 0.006997
1 100 13 0.006267
1 100 13 0.006692
1 100 13 0.008523
1 100 13 0.006068
1 100 13 0.009491
1 100 13 0.008288
1 100 13 0.008342
1 100 13 0.004837
1 100 13 0.005955
1 100 13 0.005196
1 100 13 0.004609
1 100 13 0.004596
1 100 13 0.004595
1 100 14 0.004834
1 100 14 0.00462
1 100 14 0.004781
1 100 14 0.004734
1 100 14 0.006015
1 100 14 0.005929
1 100 14 0.011866
1 100 14 0.011882
1 100 14 0.005716
1 100 14 0.010593
1 100 14 0.016651
1 100 14 0.009142
1 100 14 0.008969
1 100 14 0.007155
1 100 14 0.017241
1 100 14 0.040878
1 100 14 0.011195
1 100 14 0.004909
1 100 14 0.004975
1 100 14 0.005007
1 100 15 0.006595
1 100 15 0.004661
1 100 15 0.005253
1 100 15 0.006974
1 100 15 0.006408
1 100 15 0.004891
1 100 15 0.004814
1 100 15 0.004879
1 100 15 0.016862
1 100 15 0.006795
1 100 15 0.01119
1 100 15 0.00474
1 100 15 0.005932
1 100 15 0.006248
1 100 15 0.005751
1 100 15 0.013633
1 100 15 0.008931
1 100 15 0.006208
1 100 15 0.005155
1 100 15 0.004607
1 100 16 0.005185
1 100 16 0.005228
1 100 16 0.006831
1 100 16 0.005567
1 100 16 0.00748
1 100 16 0.005927
1 100 16 0.005366
1 100 16 0.005769
1 100 16 0.010123
1 100 16 0.008751
1 100 16 0.009794
1 100 16 0.011277
1 100 16 0.032793
1 100 16 0.011089
1 100 16 0.005368
1 100 16 0.008446
1 100 16 0.006472
1 100 16 0.007549
1 100 16 0.005126
1 100 16 0.010244
1 100 17 0.006746
1 100 17 0.005958
1 100 17 0.035247
1 100 17 0.007407
1 100 17 0.006075
1 100 17 0.016473
1 100 17 0.010642
1 100 17 0.009627
1 100 17 0.00981
1 100 17 0.016083
1 100 17 0.016993
1 100 17 0.014481
1 100 17 0.012771
1 100 17 0.010773
1 100 17 0.006483
1 100 17 0.005741
1 100 17 0.00574
1 100 17 0.005262
1 100 17 0.004879
1 100 17 0.004733
1 100 18 0.00504
1 100 18 0.006472
1 100 18 0.010181
1 100 18 0.008429
1 100 18 0.005798
1 100 18 0.007492
1 100 18 0.00928
1 100 18 0.008997
1 100 18 0.006702
1 100 18 0.00728
1 100 18 0.008818
1 100 18 0.004922
1 100 18 0.006467
1 100 18 0.00828
1 100 18 0.007489
1 100 18 0.00605
1 100 18 0.007195
1 100 18 0.007079
1 100 18 0.006523
1 100 18 0.011206
1 100 19 0.004823
1 100 19 0.004998
1 100 19 0.039126
1 100 19 0.01016
1 100 19 0.02202
1 100 19 0.009916
1 100 19 0.006236
1 100 19 0.007201
1 100 19 0.008077
1 100 19 0.004918
1 100 19 0.008347
1 100 19 0.006633
1 100 19 0.00868
1 100 19 0.007059
1 100 19 0.004776
1 100 19 0.009759
1 100 19 0.005924
1 100 19 0.0078
1 100 19 0.006601
1 100 19 0.005239
1 100 20 0.005212
1 100 20 0.005001
1 100 20 0.006815
1 100 20 0.004976
1 100 20 0.010112
1 100 20 0.012409
1 100 20 0.020438
1 100 20 0.011106
1 100 20 0.013449
1 100 20 0.025968
1 100 20 0.009123
1 100 20 0.009741
1 100 20 0.012514
1 100 20 0.019661
1 100 20 0.009814
1 100 20 0.005168
1 100 20 0.007943
1 100 20 0.015457
1 100 20 0.007628
1 100 20 0.006002
1 100 21 0.005055
1 100 21 0.005543
1 100 21 0.008024
1 100 21 0.010385
1 100 21 0.005529
1 100 21 0.004662
1 100 21 0.009765
1 100 21 0.01061
1 100 21 0.026482
1 100 21 0.009726
1 100 21 0.007083
1 100 21 0.010977
1 100 21 0.011191
1 100 21 0.005701
1 100 21 0.007202
1 100 21 0.010171
1 100 21 0.008943
1 100 21 0.005181
1 100 21 0.008029
1 100 21 0.005862
1 100 22 0.005941
1 100 22 0.005459
1 100 22 0.008914
1 100 22 0.005049
1 100 22 0.007196
1 100 22 0.005344
1 100 22 0.004899
1 100 22 0.00639
1 100 22 0.00581
1 100 22 0.006935
1 100 22 0.004777
1 100 22 0.008451
1 100 22 0.004869
1 100 22 0.007419
1 100 22 0.007771
1 100 22 0.00825
1 100 22 0.00753
1 100 22 0.005695
1 100 22 0.005636
1 100 22 0.005219
1 100 23 0.004819
1 100 23 0.005006
1 100 23 0.004928
1 100 23 0.007121
1 100 23 0.007301
1 100 23 0.00628
1 100 23 0.008116
1 100 23 0.005871
1 100 23 0.009765
1 100 23 0.004789
1 100 23 0.005742
1 100 23 0.004833
1 100 23 0.010283
1 100 23 0.00666
1 100 23 0.010527
1 100 23 0.005575
1 100 23 0.007657
1 100 23 0.004779
1 100 23 0.007088
1 100 23 0.006863
1 100 24 0.004987
1 100 24 0.005048
1 100 24 0.009859
1 100 24 0.005103
1 100 24 0.00539
1 100 24 0.005475
1 100 24 0.006613
1 100 24 0.004646
1 100 24 0.008135
1 100 24 0.006473
1 100 24 0.009978
1 100 24 0.006107
1 100 24 0.008113
1 100 24 0.005004
1 100 24 0.00718
1 100 24 0.005253
1 100 24 0.005288
1 100 24 0.005457
1 100 24 0.004978
1 100 24 0.006165
1 100 25 0.004759
1 100 25 0.004787
1 100 25 0.010397
1 100 25 0.006298
1 100 25 0.007336
1 100 25 0.005157
1 100 25 0.006807
1 100 25 0.004666
1 100 25 0.00811
1 100 25 0.00477
1 100 25 0.008814
1 100 25 0.005097
1 100 25 0.008851
1 100 25 0.004906
1 100 25 0.006691
1 100 25 0.004869
1 100 25 0.007328
1 100 25 0.005344
1 100 25 0.007297
1 100 25 0.005092
1 50 1 0.00055
1 50 1 0.001014
1 50 1 0.000597
1 50 1 0.001056
1 50 1 0.000585
1 50 1 0.000584
1 50 1 0.000565
1 50 1 0.000718
1 50 1 0.001142
1 50 1 0.002034
1 50 1 0.000595
1 50 1 0.000936
1 50 1 0.000566
1 50 1 0.000608
1 50 1 0.001344
1 50 1 0.000565
1 50 1 0.000581
1 50 1 0.00066
1 50 1 0.000601
1 50 1 0.000588
1 50 2 0.000582
1 50 2 0.000786
1 50 2 0.001021
1 50 2 0.002455
1 50 2 0.001022
1 50 2 0.001096
1 50 2 0.006106
1 50 2 0.005066
1 50 2 0.001226
1 50 2 0.000809
1 50 2 0.001111
1 50 2 0.000636
1 50 2 0.001791
1 50 2 0.002096
1 50 2 0.001362
1 50 2 0.000561
1 50 2 0.002937
1 50 2 0.000561
1 50 2 0.001394
1 50 2 0.000596
1 50 3 0.001053
1 50 3 0.001093
1 50 3 0.001153
1 50 3 0.000558
1 50 3 0.001275
1 50 3 0.001206
1 50 3 0.001014
1 50 3 0.000596
1 50 3 0.000894
1 50 3 0.000605
1 50 3 0.000558
1 50 3 0.000561
1 50 3 0.000656
1 50 3 0.000567
1 50 3 0.000546
1 50 3 0.000561
1 50 3 0.000579
1 50 3 0.000615
1 50 3 0.000626
1 50 3 0.000564
1 50 4 0.000688
1 50 4 0.000543
1 50 4 0.000636
1 50 4 0.001063
1 50 4 0.00124
1 50 4 0.0009
1 50 4 0.000594
1 50 4 0.0006
1 50 4 0.001225
1 50 4 0.00056
1 50 4 0.001096
1 50 4 0.000759
1 50 4 0.000631
1 50 4 0.000861
1 50 4 0.001077
1 50 4 0.001003
1 50 4 0.001166
1 50 4 0.001012
1 50 4 0.000594
1 50 4 0.001051
1 50 5 0.000588
1 50 5 0.000543
1 50 5 0.00064
1 50 5 0.000645
1 50 5 0.001087
1 50 5 0.001078
1 50 5 0.001381
1 50 5 0.001007
1 50 5 0.001638
1 50 5 0.001032
1 50 5 0.001203
1 50 5 0.001084
1 50 5 0.001161
1 50 5 0.00113
1 50 5 0.001132
1 50 5 0.001083
1 50 5 0.002291
1 50 5 0.001171
1 50 5 0.001203
1 50 5 0.002997
1 50 6 0.00056
1 50 6 0.000555
1 50 6 0.000928
1 50 6 0.000546
1 50 6 0.000812
1 50 6 0.000698
1 50 6 0.000577
1 50 6 0.000546
1 50 6 0.000558
1 50 6 0.000559
1 50 6 0.000551
1 50 6 0.001494
1 50 6 0.001105
1 50 6 0.001216
1 50 6 0.000566
1 50 6 0.000561
1 50 6 0.000592
1 50 6 0.000591
1 50 6 0.000825
1 50 6 0.000563
1 50 7 0.00059
1 50 7 0.000601
1 50 7 0.000561
1 50 7 0.00058
1 50 7 0.00104
1 50 7 0.00072
1 50 7 0.000721
1 50 7 0.000577
1 50 7 0.000983
1 50 7 0.001132
1 50 7 0.000914
1 50 7 0.001316
1 50 7 0.00116
1 50 7 0.001027
1 50 7 0.002022
1 50 7 0.000946
1 50 7 0.000587
1 50 7 0.000625
1 50 7 0.00058
1 50 7 0.00078
1 50 8 0.00108
1 50 8 0.000995
1 50 8 0.001068
1 50 8 0.001068
1 50 8 0.001115
1 50 8 0.001082
1 50 8 0.000982
1 50 8 0.001626
1 50 8 0.001166
1 50 8 0.001013
1 50 8 0.001075
1 50 8 0.001063
1 50 8 0.00114
1 50 8 0.00115
1 50 8 0.001355
1 50 8 0.000698
1 50 8 0.000615
1 50 8 0.000617
1 50 8 0.000594
1 50 8 0.00056
1 50 9 0.000755
1 50 9 0.001036
1 50 9 0.000552
1 50 9 0.000543
1 50 9 0.000561
1 50 9 0.001034
1 50 9 0.000563
1 50 9 0.000623
1 50 9 0.000576
1 50 9 0.0015
1 50 9 0.001129
1 50 9 0.001913
1 50 9 0.001244
1 50 9 0.001446
1 50 9 0.00147
1 50 9 0.000639
1 50 9 0.000576
1 50 9 0.000752
1 50 9 0.001463
1 50 9 0.004096
1 50 10 0.000548
1 50 10 0.000602
1 50 10 0.001434
1 50 10 0.000552
1 50 10 0.000597
1 50 10 0.000541
1 50 10 0.000542
1 50 10 0.000872
1 50 10 0.000602
1 50 10 0.000743
1 50 10 0.001519
1 50 10 0.001334
1 50 10 0.001066
1 50 10 0.000948
1 50 10 0.001072
1 50 10 0.001007
1 50 10 0.001071
1 50 10 0.001059
1 50 10 0.001734
1 50 10 0.000964
1 50 11 0.000605
1 50 11 0.000585
1 50 11 0.000569
1 50 11 0.000559
1 50 11 0.000684
1 50 11 0.001056
1 50 11 0.001263
1 50 11 0.001033
1 50 11 0.000834
1 50 11 0.000598
1 50 11 0.000597
1 50 11 0.001112
1 50 11 0.000574
1 50 11 0.000797
1 50 11 0.000559
1 50 11 0.002191
1 50 11 0.0006
1 50 11 0.002428
1 50 11 0.001336
1 50 11 0.002218
1 50 12 0.000989
1 50 12 0.0006
1 50 12 0.001173
1 50 12 0.000797
1 50 12 0.000561
1 50 12 0.000833
1 50 12 0.000707
1 50 12 0.001141
1 50 12 0.00076
1 50 12 0.001049
1 50 12 0.000608
1 50 12 0.000677
1 50 12 0.000557
1 50 12 0.000681
1 50 12 0.000625
1 50 12 0.000558
1 50 12 0.00092
1 50 12 0.000813
1 50 12 0.001606
1 50 12 0.000897
1 50 13 0.000541
1 50 13 0.000614
1 50 13 0.000642
1 50 13 0.001064
1 50 13 0.001271
1 50 13 0.000694
1 50 13 0.001215
1 50 13 0.001085
1 50 13 0.000963
1 50 13 0.000957
1 50 13 0.000559
1 50 13 0.00085
1 50 13 0.001557
1 50 13 0.002758
1 50 13 0.000642
1 50 13 0.000592
1 50 13 0.001306
1 50 13 0.000996
1 50 13 0.000825
1 50 13 0.001472
1 50 14 0.00103
1 50 14 0.000543
1 50 14 0.000866
1 50 14 0.000995
1 50 14 0.000553
1 50 14 0.000688
1 50 14 0.001367
1 50 14 0.001126
1 50 14 0.001234
1 50 14 0.001974
1 50 14 0.009196
1 50 14 0.00679
1 50 14 0.00103
1 50 14 0.00181
1 50 14 0.001112
1 50 14 0.001041
1 50 14 0.001003
1 50 14 0.001019
1 50 14 0.00114
1 50 14 0.001021
1 50 15 0.000966
1 50 15 0.000685
1 50 15 0.001092
1 50 15 0.000542
1 50 15 0.000544
1 50 15 0.000925
1 50 15 0.000552
1 50 15 0.000544
1 50 15 0.000615
1 50 15 0.000571
1 50 15 0.000707
1 50 15 0.000543
1 50 15 0.000557
1 50 15 0.000559
1 50 15 0.001019
1 50 15 0.000754
1 50 15 0.000634
1 50 15 0.00056
1 50 15 0.00104
1 50 15 0.000581
1 50 16 0.001142
1 50 16 0.000551
1 50 16 0.000562
1 50 16 0.000988
1 50 16 0.00056
1 50 16 0.000568
1 50 16 0.001009
1 50 16 0.001484
1 50 16 0.000561
1 50 16 0.000572
1 50 16 0.000595
1 50 16 0.000594
1 50 16 0.001271
1 50 16 0.003425
1 50 16 0.000679
1 50 16 0.000652
1 50 16 0.000692
1 50 16 0.001124
1 50 16 0.001674
1 50 16 0.000989
1 50 17 0.001166
1 50 17 0.00096
1 50 17 0.000991
1 50 17 0.000603
1 50 17 0.000779
1 50 17 0.001147
1 50 17 0.001409
1 50 17 0.001326
1 50 17 0.000616
1 50 17 0.001124
1 50 17 0.000675
1 50 17 0.001071
1 50 17 0.000949
1 50 17 0.000644
1 50 17 0.000652
1 50 17 0.00059
1 50 17 0.000563
1 50 17 0.00076
1 50 17 0.001182
1 50 17 0.001066
1 50 18 0.000584
1 50 18 0.001472
1 50 18 0.000642
1 50 18 0.000796
1 50 18 0.000568
1 50 18 0.000852
1 50 18 0.000877
1 50 18 0.000545
1 50 18 0.000542
1 50 18 0.000578
1 50 18 0.000561
1 50 18 0.000559
1 50 18 0.001057
1 50 18 0.000558
1 50 18 0.000558
1 50 18 0.000592
1 50 18 0.000641
1 50 18 0.000633
1 50 18 0.000572
1 50 18 0.000667
1 50 19 0.00073
1 50 19 0.00059
1 50 19 0.000691
1 50 19 0.000568
1 50 19 0.0008
1 50 19 0.000542
1 50 19 0.000643
1 50 19 0.000976
1 50 19 0.004881
1 50 19 0.0013
1 50 19 0.000656
1 50 19 0.000601
1 50 19 0.00219
1 50 19 0.001239
1 50 19 0.001037
1 50 19 0.001099
1 50 19 0.001068
1 50 19 0.001065
1 50 19 0.000959
1 50 19 0.001022
1 50 20 0.000623
1 50 20 0.000615
1 50 20 0.0006
1 50 20 0.001531
1 50 20 0.00062
1 50 20 0.000689
1 50 20 0.000633
1 50 20 0.000988
1 50 20 0.001185
1 50 20 0.000624
1 50 20 0.000837
1 50 20 0.000581
1 50 20 0.001085
1 50 20 0.000973
1 50 20 0.001359
1 50 20 0.000799
1 50 20 0.000606
1 50 20 0.001161
1 50 20 0.000856
1 50 20 0.000951
1 50 21 0.002074
1 50 21 0.000559
1 50 21 0.000686
1 50 21 0.001183
1 50 21 0.00105
1 50 21 0.001601
1 50 21 0.00976
1 50 21 0.001148
1 50 21 0.001885
1 50 21 0.001328
1 50 21 0.001528
1 50 21 0.000849
1 50 21 0.001973
1 50 21 0.001128
1 50 21 0.001148
1 50 21 0.001502
1 50 21 0.001145
1 50 21 0.001382
1 50 21 0.000956
1 50 21 0.000779
1 50 22 0.000559
1 50 22 0.000571
1 50 22 0.000544
1 50 22 0.000615
1 50 22 0.000825
1 50 22 0.001028
1 50 22 0.000938
1 50 22 0.001085
1 50 22 0.001585
1 50 22 0.000594
1 50 22 0.001169
1 50 22 0.000923
1 50 22 0.001091
1 50 22 0.002511
1 50 22 0.00128
1 50 22 0.001042
1 50 22 0.001012
1 50 22 0.001027
1 50 22 0.001091
1 50 22 0.001017
1 50 23 0.000626
1 50 23 0.001059
1 50 23 0.000569
1 50 23 0.001127
1 50 23 0.000596
1 50 23 0.000591
1 50 23 0.001099
1 50 23 0.001072
1 50 23 0.001217
1 50 23 0.000617
1 50 23 0.001089
1 50 23 0.000593
1 50 23 0.000747
1 50 23 0.000593
1 50 23 0.000585
1 50 23 0.000562
1 50 23 0.00085
1 50 23 0.000669
1 50 23 0.000586
1 50 23 0.000589
1 50 24 0.000769
1 50 24 0.000697
1 50 24 0.001247
1 50 24 0.000584
1 50 24 0.000935
1 50 24 0.000637
1 50 24 0.000599
1 50 24 0.000606
1 50 24 0.000592
1 50 24 0.00108
1 50 24 0.002317
1 50 24 0.000543
1 50 24 0.000583
1 50 24 0.003064
1 50 24 0.000925
1 50 24 0.000689
1 50 24 0.000835
1 50 24 0.000559
1 50 24 0.004161
1 50 24 0.000972
1 50 25 0.000707
1 50 25 0.000672
1 50 25 0.000547
1 50 25 0.001197
1 50 25 0.000701
1 50 25 0.000629
1 50 25 0.000591
1 50 25 0.000569
1 50 25 0.000544
1 50 25 0.000643
1 50 25 0.001045
1 50 25 0.001099
1 50 25 0.00056
1 50 25 0.000666
1 50 25 0.000744
1 50 25 0.000583
1 50 25 0.000594
1 50 25 0.000863
1 50 25 0.000617
1 50 25 0.000596
1 20 1 3.7e-05
1 20 1 3.8e-05
1 20 1 3.8e-05
1 20 1 3.8e-05
1 20 1 4.7e-05
1 20 1 6.7e-05
1 20 1 7.5e-05
1 20 1 3.9e-05
1 20 1 6.9e-05
1 20 1 3.9e-05
1 20 1 4e-05
1 20 1 7.3e-05
1 20 1 3.9e-05
1 20 1 3.9e-05
1 20 1 3.9e-05
1 20 1 8.9e-05
1 20 1 3.9e-05
1 20 1 3.9e-05
1 20 1 3.9e-05
1 20 1 3.9e-05
1 20 2 4.6e-05
1 20 2 3.7e-05
1 20 2 3.7e-05
1 20 2 3.7e-05
1 20 2 6.8e-05
1 20 2 3.8e-05
1 20 2 3.7e-05
1 20 2 3.7e-05
1 20 2 0.0002
1 20 2 0.000111
1 20 2 0.000112
1 20 2 3.9e-05
1 20 2 3.7e-05
1 20 2 3.7e-05
1 20 2 3.8e-05
1 20 2 6.6e-05
1 20 2 7.1e-05
1 20 2 8.4e-05
1 20 2 3.9e-05
1 20 2 6.9e-05
1 20 3 3.8e-05
1 20 3 3.9e-05
1 20 3 3.8e-05
1 20 3 3.7e-05
1 20 3 3.8e-05
1 20 3 3.8e-05
1 20 3 6.1e-05
1 20 3 3.8e-05
1 20 3 7.5e-05
1 20 3 6.6e-05
1 20 3 5.9e-05
1 20 3 0.00021
1 20 3 6.5e-05
1 20 3 3.8e-05
1 20 3 6e-05
1 20 3 3.8e-05
1 20 3 6.9e-05
1 20 3 6.2e-05
1 20 3 3.9e-05
1 20 3 6.5e-05
1 20 4 0.000102
1 20 4 3.7e-05
1 20 4 6.8e-05
1 20 4 6.5e-05
1 20 4 3.7e-05
1 20 4 6.5e-05
1 20 4 3.7e-05
1 20 4 7.1e-05
1 20 4 5.1e-05
1 20 4 6.2e-05
1 20 4 6.4e-05
1 20 4 4.4e-05
1 20 4 7.3e-05
1 20 4 7e-05
1 20 4 5.2e-05
1 20 4 3.8e-05
1 20 4 4.8e-05
1 20 4 7.1e-05
1 20 4 9e-05
1 20 4 4.7e-05
1 20 5 3.8e-05
1 20 5 4.6e-05
1 20 5 3.8e-05
1 20 5 4.9e-05
1 20 5 6.8e-05
1 20 5 0.000239
1 20 5 7e-05
1 20 5 6.8e-05
1 20 5 6.7e-05
1 20 5 7.6e-05
1 20 5 6.9e-05
1 20 5 0.000102
1 20 5 7.5e-05
1 20 5 4.7e-05
1 20 5 7.2e-05
1 20 5 7e-05
1 20 5 6.4e-05
1 20 5 6.8e-05
1 20 5 6.5e-05
1 20 5 7.2e-05
1 20 6 6.9e-05
1 20 6 7.3e-05
1 20 6 6.7e-05
1 20 6 6.6e-05
1 20 6 0.000382
1 20 6 7.3e-05
1 20 6 6.5e-05
1 20 6 6.9e-05
1 20 6 6.8e-05
1 20 6 7e-05
1 20 6 7e-05
1 20 6 6.8e-05
1 20 6 3.9e-05
1 20 6 7.3e-05
1 20 6 6.2e-05
1 20 6 3.9e-05
1 20 6 4.6e-05
1 20 6 3.8e-05
1 20 6 7.4e-05
1 20 6 6.2e-05
1 20 7 7.1e-05
1 20 7 4.2e-05
1 20 7 0.000107
1 20 7 6.8e-05
1 20 7 0.000119
1 20 7 7.2e-05
1 20 7 3.7e-05
1 20 7 3.7e-05
1 20 7 7.2e-05
1 20 7 0.000136
1 20 7 9.7e-05
1 20 7 6.5e-05
1 20 7 6.7e-05
1 20 7 6e-05
1 20 7 6.1e-05
1 20 7 3.8e-05
1 20 7 7e-05
1 20 7 6.7e-05
1 20 7 3.9e-05
1 20 7 5.9e-05
1 20 8 4.1e-05
1 20 8 3.7e-05
1 20 8 5.7e-05
1 20 8 6.8e-05
1 20 8 5.1e-05
1 20 8 7e-05
1 20 8 3.9e-05
1 20 8 5.7e-05
1 20 8 6e-05
1 20 8 6.9e-05
1 20 8 4.7e-05
1 20 8 3.8e-05
1 20 8 6.7e-05
1 20 8 3.7e-05
1 20 8 7.1e-05
1 20 8 6.9e-05
1 20 8 3.8e-05
1 20 8 6.4e-05
1 20 8 6.8e-05
1 20 8 7.7e-05
1 20 9 6.3e-05
1 20 9 3.7e-05
1 20 9 7.4e-05
1 20 9 7e-05
1 20 9 3.8e-05
1 20 9 3.7e-05
1 20 9 3.8e-05
1 20 9 6.8e-05
1 20 9 4.3e-05
1 20 9 0.000159
1 20 9 3.8e-05
1 20 9 5.1e-05
1 20 9 6.3e-05
1 20 9 3.8e-05
1 20 9 7.6e-05
1 20 9 6.6e-05
1 20 9 3.8e-05
1 20 9 3.8e-05
1 20 9 6.5e-05
1 20 9 6.5e-05
1 20 10 8.3e-05
1 20 10 7.3e-05
1 20 10 3.8e-05
1 20 10 3.7e-05
1 20 10 5.9e-05
1 20 10 6.5e-05
1 20 10 5.7e-05
1 20 10 6.8e-05
1 20 10 6.4e-05
1 20 10 0.000103
1 20 10 7.2e-05
1 20 10 5.6e-05
1 20 10 5.2e-05
1 20 10 5.3e-05
1 20 10 6.6e-05
1 20 10 3.7e-05
1 20 10 6.9e-05
1 20 10 6.4e-05
1 20 10 3.7e-05
1 20 10 5.9e-05
1 20 11 3.6e-05
1 20 11 6.6e-05
1 20 11 6.5e-05
1 20 11 3.9e-05
1 20 11 6.7e-05
1 20 11 6.1e-05
1 20 11 3.8e-05
1 20 11 3.7e-05
1 20 11 3.7e-05
1 20 11 6.7e-05
1 20 11 3.7e-05
1 20 11 3.8e-05
1 20 11 3.7e-05
1 20 11 5.5e-05
1 20 11 6.7e-05
1 20 11 6.9e-05
1 20 11 4.6e-05
1 20 11 3.8e-05
1 20 11 6.9e-05
1 20 11 6e-05
1 20 12 4.1e-05
1 20 12 8e-05
1 20 12 6e-05
1 20 12 7.5e-05
1 20 12 3.7e-05
1 20 12 7.2e-05
1 20 12 3.7e-05
1 20 12 6.9e-05
1 20 12 7.1e-05
1 20 12 6.5e-05
1 20 12 5.8e-05
1 20 12 3.8e-05
1 20 12 6.5e-05
1 20 12 6.8e-05
1 20 12 6.6e-05
1 20 12 3.7e-05
1 20 12 6.6e-05
1 20 12 6.7e-05
1 20 12 7e-05
1 20 12 7.7e-05
1 20 13 4.9e-05
1 20 13 7.7e-05
1 20 13 7.5e-05
1 20 13 6.1e-05
1 20 13 6.8e-05
1 20 13 6.6e-05
1 20 13 6.5e-05
1 20 13 6.9e-05
1 20 13 6.5e-05
1 20 13 3.9e-05
1 20 13 3.8e-05
1 20 13 3.9e-05
1 20 13 3.8e-05
1 20 13 6.8e-05
1 20 13 6.6e-05
1 20 13 7e-05
1 20 13 6.7e-05
1 20 13 7.3e-05
1 20 13 7.7e-05
1 20 13 6.9e-05
1 20 14 4.1e-05
1 20 14 4.1e-05
1 20 14 6.9e-05
1 20 14 5.8e-05
1 20 14 7e-05
1 20 14 6.8e-05
1 20 14 7e-05
1 20 14 6.3e-05
1 20 14 3.7e-05
1 20 14 5.6e-05
1 20 14 7.2e-05
1 20 14 7e-05
1 20 14 5.1e-05
1 20 14 3.8e-05
1 20 14 7e-05
1 20 14 6.7e-05
1 20 14 4.9e-05
1 20 14 6.4e-05
1 20 14 7.1e-05
1 20 14 3.9e-05
1 20 15 0.000127
1 20 15 9.4e-05
1 20 15 5.8e-05
1 20 15 8.9e-05
1 20 15 6.4e-05
1 20 15 8e-05
1 20 15 4.2e-05
1 20 15 4.6e-05
1 20 15 3.9e-05
1 20 15 6.9e-05
1 20 15 0.000105
1 20 15 6.5e-05
1 20 15 3.7e-05
1 20 15 0.000115
1 20 15 3.8e-05
1 20 15 6.3e-05
1 20 15 6.5e-05
1 20 15 7e-05
1 20 15 7e-05
1 20 15 7.3e-05
1 20 16 6.6e-05
1 20 16 0.000196
1 20 16 6.6e-05
1 20 16 8.8e-05
1 20 16 7.5e-05
1 20 16 7.7e-05
1 20 16 3.9e-05
1 20 16 6.4e-05
1 20 16 6.5e-05
1 20 16 6.4e-05
1 20 16 6.9e-05
1 20 16 6.9e-05
1 20 16 0.000104
1 20 16 6.9e-05
1 20 16 6.9e-05
1 20 16 8.6e-05
1 20 16 7.1e-05
1 20 16 6.8e-05
1 20 16 7.6e-05
1 20 16 6.5e-05
1 20 17 4.7e-05
1 20 17 4.1e-05
1 20 17 3.7e-05
1 20 17 8.1e-05
1 20 17 6.8e-05
1 20 17 7.1e-05
1 20 17 5.9e-05
1 20 17 6.1e-05
1 20 17 5.5e-05
1 20 17 7.1e-05
1 20 17 3.7e-05
1 20 17 7.1e-05
1 20 17 3.7e-05
1 20 17 6.6e-05
1 20 17 3.7e-05
1 20 17 3.7e-05
1 20 17 3.7e-05
1 20 17 3.7e-05
1 20 17 3.8e-05
1 20 17 3.8e-05
1 20 18 3.9e-05
1 20 18 5.8e-05
1 20 18 5.6e-05
1 20 18 5.8e-05
1 20 18 6.8e-05
1 20 18 0.000193
1 20 18 6.9e-05
1 20 18 5.8e-05
1 20 18 3.7e-05
1 20 18 3.7e-05
1 20 18 6.5e-05
1 20 18 3.7e-05
1 20 18 7.1e-05
1 20 18 5.4e-05
1 20 18 5.5e-05
1 20 18 3.7e-05
1 20 18 4e-05
1 20 18 6.8e-05
1 20 18 3.7e-05
1 20 18 3.7e-05
1 20 19 6.9e-05
1 20 19 0.000114
1 20 19 6.9e-05
1 20 19 5.8e-05
1 20 19 5.2e-05
1 20 19 6.9e-05
1 20 19 3.7e-05
1 20 19 7.3e-05
1 20 19 6.8e-05
1 20 19 3.7e-05
1 20 19 5.1e-05
1 20 19 7.5e-05
1 20 19 6.8e-05
1 20 19 3.7e-05
1 20 19 5e-05
1 20 19 6.2e-05
1 20 19 7.2e-05
1 20 19 3.7e-05
1 20 19 3.7e-05
1 20 19 5.1e-05
1 20 20 3.9e-05
1 20 20 5.6e-05
1 20 20 6.7e-05
1 20 20 3.8e-05
1 20 20 6.8e-05
1 20 20 4.2e-05
1 20 20 4.8e-05
1 20 20 7.1e-05
1 20 20 5.5e-05
1 20 20 6.6e-05
1 20 20 6.9e-05
1 20 20 6.5e-05
1 20 20 3.7e-05
1 20 20 3.7e-05
1 20 20 6.8e-05
1 20 20 3.7e-05
1 20 20 3.7e-05
1 20 20 6.5e-05
1 20 20 9.9e-05
1 20 20 7.1e-05
1 20 21 3.7e-05
1 20 21 3.7e-05
1 20 21 6.6e-05
1 20 21 6.8e-05
1 20 21 6.9e-05
1 20 21 6.8e-05
1 20 21 7.2e-05
1 20 21 6.5e-05
1 20 21 6.5e-05
1 20 21 6.8e-05
1 20 21 6.7e-05
1 20 21 6.6e-05
1 20 21 6.9e-05
1 20 21 6.7e-05
1 20 21 6.7e-05
1 20 21 7.4e-05
1 20 21 6.7e-05
1 20 21 7e-05
1 20 21 6.7e-05
1 20 21 7.2e-05
1 20 22 3.6e-05
1 20 22 4.7e-05
1 20 22 3.7e-05
1 20 22 6.6e-05
1 20 22 3.7e-05
1 20 22 6.6e-05
1 20 22 3.7e-05
1 20 22 4.5e-05
1 20 22 7e-05
1 20 22 6.7e-05
1 20 22 3.8e-05
1 20 22 6e-05
1 20 22 5.9e-05
1 20 22 3.7e-05
1 20 22 3.8e-05
1 20 22 3.7e-05
1 20 22 4.6e-05
1 20 22 5.7e-05
1 20 22 7.9e-05
1 20 22 3.7e-05
1 20 23 3.8e-05
1 20 23 3.8e-05
1 20 23 6.6e-05
1 20 23 3.8e-05
1 20 23 3.8e-05
1 20 23 6.8e-05
1 20 23 6.6e-05
1 20 23 6.8e-05
1 20 23 6.7e-05
1 20 23 3.8e-05
1 20 23 7.2e-05
1 20 23 6.9e-05
1 20 23 6.1e-05
1 20 23 6.2e-05
1 20 23 6.8e-05
1 20 23 6.8e-05
1 20 23 6.7e-05
1 20 23 6.8e-05
1 20 23 7.4e-05
1 20 23 5.8e-05
1 20 24 3.7e-05
1 20 24 5.7e-05
1 20 24 4e-05
1 20 24 6.7e-05
1 20 24 6.5e-05
1 20 24 6.7e-05
1 20 24 6.7e-05
1 20 24 7e-05
1 20 24 7.2e-05
1 20 24 6.7e-05
1 20 24 7.3e-05
1 20 24 3.7e-05
1 20 24 6.2e-05
1 20 24 6.3e-05
1 20 24 6.2e-05
1 20 24 6.6e-05
1 20 24 6.5e-05
1 20 24 6e-05
1 20 24 7.3e-05
1 20 24 6.7e-05
1 20 25 3.7e-05
1 20 25 6.4e-05
1 20 25 5.8e-05
1 20 25 6.8e-05
1 20 25 6.8e-05
1 20 25 4.4e-05
1 20 25 7e-05
1 20 25 6.7e-05
1 20 25 7.1e-05
1 20 25 7e-05
1 20 25 5.3e-05
1 20 25 3.7e-05
1 20 25 3.7e-05
1 20 25 7.1e-05
1 20 25 7.9e-05
1 20 25 3.7e-05
1 20 25 3.7e-05
1 20 25 6.5e-05
1 20 25 3.7e-05
1 20 25 7.4e-05
