1 4 20 3.3e-05 1e-06
1 4 20 7e-06 2e-06
1 4 20 8e-06 2e-06
1 4 20 5e-06 1e-06
1 4 20 5e-06 1e-06
1 4 20 7e-06 2e-06
1 4 20 5e-06 1e-06
1 4 20 3e-05 2e-06
1 4 20 8e-06 2e-06
1 4 20 7e-06 4e-06
1 4 20 7e-06 2e-06
1 4 20 6e-06 2e-06
1 4 20 6e-06 2e-06
1 4 20 1.3e-05 2e-06
1 4 20 5e-06 1e-06
1 4 20 4e-06 1e-06
1 4 20 4e-06 1e-06
1 4 20 6e-06 2e-06
1 4 20 5e-06 3e-06
1 4 20 5e-06 2e-06
1 20 20 0.000493 9.7e-05
1 20 20 0.000548 9.5e-05
1 20 20 0.000274 5.2e-05
1 20 20 0.000292 8.4e-05
1 20 20 0.000405 5e-05
1 20 20 0.000245 5.3e-05
1 20 20 0.000358 9.9e-05
1 20 20 0.002129 8.6e-05
1 20 20 0.000626 0.000258
1 20 20 0.000285 0.000106
1 20 20 0.000432 0.000244
1 20 20 0.000298 5e-05
1 20 20 0.00036 7.1e-05
1 20 20 0.000762 0.000102
1 20 20 0.000427 9.6e-05
1 20 20 0.000667 5.2e-05
1 20 20 0.000284 5e-05
1 20 20 0.00031 0.000185
1 20 20 0.000251 5e-05
1 20 20 0.000371 8.4e-05
1 50 20 0.00302 0.002473
1 50 20 0.006444 0.001421
1 50 20 0.002886 0.001269
1 50 20 0.011701 0.00118
1 50 20 0.002948 0.001222
1 50 20 0.003227 0.001236
1 50 20 0.002593 0.000928
1 50 20 0.002513 0.000822
1 50 20 0.0027 0.000759
1 50 20 0.003134 0.000949
1 50 20 0.003351 0.001467
1 50 20 0.003109 0.001465
1 50 20 0.003233 0.001487
1 50 20 0.003953 0.001497
1 50 20 0.002475 0.00121
1 50 20 0.00307 0.002043
1 50 20 0.004422 0.001477
1 50 20 0.002274 0.001141
1 50 20 0.002321 0.000925
1 50 20 0.003245 0.001051
1 100 20 0.014933 0.006419
1 100 20 0.013102 0.006574
1 100 20 0.014478 0.006315
1 100 20 0.013053 0.009704
1 100 20 0.015358 0.00762
1 100 20 0.011992 0.007304
1 100 20 0.013861 0.007564
1 100 20 0.014583 0.008293
1 100 20 0.014517 0.010747
1 100 20 0.0228 0.007563
1 100 20 0.014491 0.00812
1 100 20 0.011508 0.006523
1 100 20 0.01239 0.009859
1 100 20 0.014342 0.00627
1 100 20 0.012072 0.006412
1 100 20 0.012967 0.008962
1 100 20 0.014404 0.006226
1 100 20 0.012586 0.00627
1 100 20 0.012589 0.006469
1 100 20 0.012188 0.006576
1 200 20 0.083656 0.055877
1 200 20 0.105883 0.060476
1 200 20 0.094287 0.069955
1 200 20 0.08997 0.059989
1 200 20 0.081496 0.103667
1 200 20 0.092864 0.055955
1 200 20 0.08655 0.059519
1 200 20 0.0889 0.056306
1 200 20 0.090824 0.056229
1 200 20 0.093344 0.067589
1 200 20 0.091715 0.056737
1 200 20 0.087197 0.065362
1 200 20 0.102078 0.06193
1 200 20 0.121138 0.05927
1 200 20 0.085873 0.058156
1 200 20 0.088075 0.110771
1 200 20 0.148455 0.082524
1 200 20 0.121924 0.064319
1 200 20 0.092202 0.058252
1 200 20 0.095659 0.074754
1 500 20 0.589571 1.57011
1 500 20 0.743837 1.78192
1 500 20 0.779466 1.71298
1 500 20 0.727823 1.59037
1 500 20 0.628266 1.38561
1 500 20 0.643479 1.6097
1 500 20 0.608609 1.26216
1 500 20 0.57549 1.68882
1 500 20 0.665354 1.65485
1 500 20 0.580151 1.24802
1 500 20 0.578659 1.38329
1 500 20 0.59506 1.27317
1 500 20 0.597701 1.23917
1 500 20 0.571918 1.38789
1 500 20 0.573368 1.22723
1 500 20 0.600194 1.2336
1 500 20 0.62035 1.29994
1 500 20 0.570196 1.46181
1 500 20 0.5737 1.33383
1 500 20 0.643923 1.75987
1 1000 20 5.56547 14.8917
1 1000 20 4.71957 13.016
1 1000 20 4.63401 13.0557
1 1000 20 4.26633 13.6156
1 1000 20 4.30662 15.0603
1 1000 20 5.13463 16.5986
1 1000 20 5.2584 16.6126
1 1000 20 5.20736 15.7736
1 1000 20 4.83067 15.9439
1 1000 20 6.03992 19.0859
1 1000 20 5.28507 16.2765
1 1000 20 4.44068 13.8917
1 1000 20 4.54625 13.8648
1 1000 20 4.42188 15.5229
1 1000 20 5.55601 15.6215
1 1000 20 5.11448 14.115
1 1000 20 4.48261 13.1277
1 1000 20 4.59107 15.688
1 1000 20 4.77336 14.372
1 1000 20 4.33818 12.8442
