68945 68945 68945 68945 68945 68945 68945 68945 68945 68945 68945 68945 68945 68945 68945 68945 68945 68945 68945 68945 68945 68945 68945 68945 68945 68945 68945 68945 68945 68945 68945 68945 68945 68945 68945 68945 68945 68945 68945 68945 68945 68945 68945 68945 68945 68945 68945 68945 68945 68945 
73573 73573 73573 73573 73573 73573 73573 73573 73573 73573 73573 73573 73573 73573 73573 73573 73573 73573 73573 73573 73573 73573 73573 73573 73573 73573 73573 73573 73573 73573 73573 73573 73573 73573 73573 73573 73573 73573 73573 73573 73573 73573 73573 73573 73573 73573 73573 73573 73573 73573 
78222 78222 78222 78222 78222 78222 78222 78222 78222 78222 78222 78222 78222 78222 78222 78222 78222 78222 78222 78222 78222 78222 78222 78222 78222 78222 78222 78222 78222 78222 78222 78222 78222 78222 78222 78222 78222 78222 78222 78222 78222 78222 78222 78222 78222 78222 78222 78222 78222 78222 
82887 82887 82887 82887 82887 82887 82887 82887 82887 82887 82887 82887 82887 82887 82887 82887 82887 82887 82887 82887 82887 82887 82887 82887 82887 82887 82887 82887 82887 82887 82887 82887 82887 82887 82887 82887 82887 82887 82887 82887 82887 82887 82887 82887 82887 82887 82887 82887 82887 82887 
87574 87574 87574 87574 87574 87574 87574 87574 87574 87574 87574 87574 87574 87574 87574 87574 87574 87574 87574 87574 87574 87574 87574 87574 87574 87574 87574 87574 87574 87574 87574 87574 87574 87574 87574 87574 87574 87574 87574 87574 87574 87574 87574 87574 87574 87574 87574 87574 87574 87574 
92282 92282 92282 92282 92282 92282 92282 92282 92282 92282 92282 92282 92282 92282 92282 92282 92282 92282 92282 92282 92282 92282 92282 92282 92282 92282 92282 92282 92282 92282 92282 92282 92282 92282 92282 92282 92282 92282 92282 92282 92282 92282 92282 92282 92282 92282 92282 92282 92282 92282 
97011 97011 97011 97011 97011 97011 97011 97011 97011 97011 97011 97011 97011 97011 97011 97011 97011 97011 97011 97011 97011 97011 97011 97011 97011 97011 97011 97011 97011 97011 97011 97011 97011 97011 97011 97011 97011 97011 97011 97011 97011 97011 97011 97011 97011 97011 97011 97011 97011 97011 
101673 101673 101673 101673 101673 101673 101673 101673 101673 101673 101673 101673 101673 101673 101673 101673 101673 101673 101673 101673 101673 101673 101673 101673 101673 101673 101673 101673 101673 101673 101673 101673 101673 101673 101673 101673 101673 101673 101673 101673 101673 101673 101673 101673 101673 101673 101673 101673 101673 101673 
106355 106355 106355 106355 106355 106355 106355 106355 106355 106355 106355 106355 106355 106355 106355 106355 106355 106355 106355 106355 106355 106355 106355 106355 106355 106355 106355 106355 106355 106355 106355 106355 106355 106355 106355 106355 106355 106355 106355 106355 106355 106355 106355 106355 106355 106355 106355 106355 106355 106355 
111058 111058 111058 111058 111058 111058 111058 111058 111058 111058 111058 111058 111058 111058 111058 111058 111058 111058 111058 111058 111058 111058 111058 111058 111058 111058 111058 111058 111058 111058 111058 111058 111058 111058 111058 111058 111058 111058 111058 111058 111058 111058 111058 111058 111058 111058 111058 111058 111058 111058 
115781 115781 115781 115781 115781 115781 115781 115781 115781 115781 115781 115781 115781 115781 115781 115781 115781 115781 115781 115781 115781 115781 115781 115781 115781 115781 115781 115781 115781 115781 115781 115781 115781 115781 115781 115781 115781 115781 115781 115781 115781 115781 115781 115781 115781 115781 115781 115781 115781 115781 
120439 120439 120439 120439 120439 120439 120439 120439 120439 120439 120439 120439 120439 120439 120439 120439 120439 120439 120439 120439 120439 120439 120439 120439 120439 120439 120439 120439 120439 120439 120439 120439 120439 120439 120439 120439 120439 120439 120439 120439 120439 120439 120439 120439 120439 120439 120439 120439 120439 120439 
125115 125115 125115 125115 125115 125115 125115 125115 125115 125115 125115 125115 125115 125115 125115 125115 125115 125115 125115 125115 125115 125115 125115 125115 125115 125115 125115 125115 125115 125115 125115 125115 125115 125115 125115 125115 125115 125115 125115 125115 125115 125115 125115 125115 125115 125115 125115 125115 125115 125115 
129813 129813 129813 129813 129813 129813 129813 129813 129813 129813 129813 129813 129813 129813 129813 129813 129813 129813 129813 129813 129813 129813 129813 129813 129813 129813 129813 129813 129813 129813 129813 129813 129813 129813 129813 129813 129813 129813 129813 129813 129813 129813 129813 129813 129813 129813 129813 129813 129813 129813 
134530 134530 134530 134530 134530 134530 134530 134530 134530 134530 134530 134530 134530 134530 134530 134530 134530 134530 134530 134530 134530 134530 134530 134530 134530 134530 134530 134530 134530 134530 134530 134530 134530 134530 134530 134530 134530 134530 134530 134530 134530 134530 134530 134530 134530 134530 134530 134530 134530 134530 
139184 139184 139184 139184 139184 139184 139184 139184 139184 139184 139184 139184 139184 139184 139184 139184 139184 139184 139184 139184 139184 139184 139184 139184 139184 139184 139184 139184 139184 139184 139184 139184 139184 139184 139184 139184 139184 139184 139184 139184 139184 139184 139184 139184 139184 139184 139184 139184 139184 139184 
143854 143854 143854 143854 143854 143854 143854 143854 143854 143854 143854 143854 143854 143854 143854 143854 143854 143854 143854 143854 143854 143854 143854 143854 143854 143854 143854 143854 143854 143854 143854 143854 143854 143854 143854 143854 143854 143854 143854 143854 143854 143854 143854 143854 143854 143854 143854 143854 143854 143854 
148547 148547 148547 148547 148547 148547 148547 148547 148547 148547 148547 148547 148547 148547 148547 148547 148547 148547 148547 148547 148547 148547 148547 148547 148547 148547 148547 148547 148547 148547 148547 148547 148547 148547 148547 148547 148547 148547 148547 148547 148547 148547 148547 148547 148547 148547 148547 148547 148547 148547 
153259 153259 153259 153259 153259 153259 153259 153259 153259 153259 153259 153259 153259 153259 153259 153259 153259 153259 153259 153259 153259 153259 153259 153259 153259 153259 153259 153259 153259 153259 153259 153259 153259 153259 153259 153259 153259 153259 153259 153259 153259 153259 153259 153259 153259 153259 153259 153259 153259 153259 
157908 157908 157908 157908 157908 157908 157908 157908 157908 157908 157908 157908 157908 157908 157908 157908 157908 157908 157908 157908 157908 157908 157908 157908 157908 157908 157908 157908 157908 157908 157908 157908 157908 157908 157908 157908 157908 157908 157908 157908 157908 157908 157908 157908 157908 157908 157908 157908 157908 157908 
162573 162573 162573 162573 162573 162573 162573 162573 162573 162573 162573 162573 162573 162573 162573 162573 162573 162573 162573 162573 162573 162573 162573 162573 162573 162573 162573 162573 162573 162573 162573 162573 162573 162573 162573 162573 162573 162573 162573 162573 162573 162573 162573 162573 162573 162573 162573 162573 162573 162573 
167260 167260 167260 167260 167260 167260 167260 167260 167260 167260 167260 167260 167260 167260 167260 167260 167260 167260 167260 167260 167260 167260 167260 167260 167260 167260 167260 167260 167260 167260 167260 167260 167260 167260 167260 167260 167260 167260 167260 167260 167260 167260 167260 167260 167260 167260 167260 167260 167260 167260 
171968 171968 171968 171968 171968 171968 171968 171968 171968 171968 171968 171968 171968 171968 171968 171968 171968 171968 171968 171968 171968 171968 171968 171968 171968 171968 171968 171968 171968 171968 171968 171968 171968 171968 171968 171968 171968 171968 171968 171968 171968 171968 171968 171968 171968 171968 171968 171968 171968 171968 
176697 176697 176697 176697 176697 176697 176697 176697 176697 176697 176697 176697 176697 176697 176697 176697 176697 176697 176697 176697 176697 176697 176697 176697 176697 176697 176697 176697 176697 176697 176697 176697 176697 176697 176697 176697 176697 176697 176697 176697 176697 176697 176697 176697 176697 176697 176697 176697 176697 176697 
181359 181359 181359 181359 181359 181359 181359 181359 181359 181359 181359 181359 181359 181359 181359 181359 181359 181359 181359 181359 181359 181359 181359 181359 181359 181359 181359 181359 181359 181359 181359 181359 181359 181359 181359 181359 181359 181359 181359 181359 181359 181359 181359 181359 181359 181359 181359 181359 181359 181359 
186041 186041 186041 186041 186041 186041 186041 186041 186041 186041 186041 186041 186041 186041 186041 186041 186041 186041 186041 186041 186041 186041 186041 186041 186041 186041 186041 186041 186041 186041 186041 186041 186041 186041 186041 186041 186041 186041 186041 186041 186041 186041 186041 186041 186041 186041 186041 186041 186041 186041 
190744 190744 190744 190744 190744 190744 190744 190744 190744 190744 190744 190744 190744 190744 190744 190744 190744 190744 190744 190744 190744 190744 190744 190744 190744 190744 190744 190744 190744 190744 190744 190744 190744 190744 190744 190744 190744 190744 190744 190744 190744 190744 190744 190744 190744 190744 190744 190744 190744 190744 
195467 195467 195467 195467 195467 195467 195467 195467 195467 195467 195467 195467 195467 195467 195467 195467 195467 195467 195467 195467 195467 195467 195467 195467 195467 195467 195467 195467 195467 195467 195467 195467 195467 195467 195467 195467 195467 195467 195467 195467 195467 195467 195467 195467 195467 195467 195467 195467 195467 195467 
200125 200125 200125 200125 200125 200125 200125 200125 200125 200125 200125 200125 200125 200125 200125 200125 200125 200125 200125 200125 200125 200125 200125 200125 200125 200125 200125 200125 200125 200125 200125 200125 200125 200125 200125 200125 200125 200125 200125 200125 200125 200125 200125 200125 200125 200125 200125 200125 200125 200125 
204801 204801 204801 204801 204801 204801 204801 204801 204801 204801 204801 204801 204801 204801 204801 204801 204801 204801 204801 204801 204801 204801 204801 204801 204801 204801 204801 204801 204801 204801 204801 204801 204801 204801 204801 204801 204801 204801 204801 204801 204801 204801 204801 204801 204801 204801 204801 204801 204801 204801 
209499 209499 209499 209499 209499 209499 209499 209499 209499 209499 209499 209499 209499 209499 209499 209499 209499 209499 209499 209499 209499 209499 209499 209499 209499 209499 209499 209499 209499 209499 209499 209499 209499 209499 209499 209499 209499 209499 209499 209499 209499 209499 209499 209499 209499 209499 209499 209499 209499 209499 
214216 214216 214216 214216 214216 214216 214216 214216 214216 214216 214216 214216 214216 214216 214216 214216 214216 214216 214216 214216 214216 214216 214216 214216 214216 214216 214216 214216 214216 214216 214216 214216 214216 214216 214216 214216 214216 214216 214216 214216 214216 214216 214216 214216 214216 214216 214216 214216 214216 214216 
218870 218870 218870 218870 218870 218870 218870 218870 218870 218870 218870 218870 218870 218870 218870 218870 218870 218870 218870 218870 218870 218870 218870 218870 218870 218870 218870 218870 218870 218870 218870 218870 218870 218870 218870 218870 218870 218870 218870 218870 218870 218870 218870 218870 218870 218870 218870 218870 218870 218870 
223540 223540 223540 223540 223540 223540 223540 223540 223540 223540 223540 223540 223540 223540 223540 223540 223540 223540 223540 223540 223540 223540 223540 223540 223540 223540 223540 223540 223540 223540 223540 223540 223540 223540 223540 223540 223540 223540 223540 223540 223540 223540 223540 223540 223540 223540 223540 223540 223540 223540 
228233 228233 228233 228233 228233 228233 228233 228233 228233 228233 228233 228233 228233 228233 228233 228233 228233 228233 228233 228233 228233 228233 228233 228233 228233 228233 228233 228233 228233 228233 228233 228233 228233 228233 228233 228233 228233 228233 228233 228233 228233 228233 228233 228233 228233 228233 228233 228233 228233 228233 
232945 232945 232945 232945 232945 232945 232945 232945 232945 232945 232945 232945 232945 232945 232945 232945 232945 232945 232945 232945 232945 232945 232945 232945 232945 232945 232945 232945 232945 232945 232945 232945 232945 232945 232945 232945 232945 232945 232945 232945 232945 232945 232945 232945 232945 232945 232945 232945 232945 232945 
237594 237594 237594 237594 237594 237594 237594 237594 237594 237594 237594 237594 237594 237594 237594 237594 237594 237594 237594 237594 237594 237594 237594 237594 237594 237594 237594 237594 237594 237594 237594 237594 237594 237594 237594 237594 237594 237594 237594 237594 237594 237594 237594 237594 237594 237594 237594 237594 237594 237594 
242259 242259 242259 242259 242259 242259 242259 242259 242259 242259 242259 242259 242259 242259 242259 242259 242259 242259 242259 242259 242259 242259 242259 242259 242259 242259 242259 242259 242259 242259 242259 242259 242259 242259 242259 242259 242259 242259 242259 242259 242259 242259 242259 242259 242259 242259 242259 242259 242259 242259 
246946 246946 246946 246946 246946 246946 246946 246946 246946 246946 246946 246946 246946 246946 246946 246946 246946 246946 246946 246946 246946 246946 246946 246946 246946 246946 246946 246946 246946 246946 246946 246946 246946 246946 246946 246946 246946 246946 246946 246946 246946 246946 246946 246946 246946 246946 246946 246946 246946 246946 
251654 251654 251654 251654 251654 251654 251654 251654 251654 251654 251654 251654 251654 251654 251654 251654 251654 251654 251654 251654 251654 251654 251654 251654 251654 251654 251654 251654 251654 251654 251654 251654 251654 251654 251654 251654 251654 251654 251654 251654 251654 251654 251654 251654 251654 251654 251654 251654 251654 251654 
256383 256383 256383 256383 256383 256383 256383 256383 256383 256383 256383 256383 256383 256383 256383 256383 256383 256383 256383 256383 256383 256383 256383 256383 256383 256383 256383 256383 256383 256383 256383 256383 256383 256383 256383 256383 256383 256383 256383 256383 256383 256383 256383 256383 256383 256383 256383 256383 256383 256383 
261045 261045 261045 261045 261045 261045 261045 261045 261045 261045 261045 261045 261045 261045 261045 261045 261045 261045 261045 261045 261045 261045 261045 261045 261045 261045 261045 261045 261045 261045 261045 261045 261045 261045 261045 261045 261045 261045 261045 261045 261045 261045 261045 261045 261045 261045 261045 261045 261045 261045 
265728 265728 265728 265728 265728 265728 265728 265728 265728 265728 265728 265728 265728 265728 265728 265728 265728 265728 265728 265728 265728 265728 265728 265728 265728 265728 265728 265728 265728 265728 265728 265728 265728 265728 265728 265728 265728 265728 265728 265728 265728 265728 265728 265728 265728 265728 265728 265728 265728 265728 
270433 270433 270433 270433 270433 270433 270433 270433 270433 270433 270433 270433 270433 270433 270433 270433 270433 270433 270433 270433 270433 270433 270433 270433 270433 270433 270433 270433 270433 270433 270433 270433 270433 270433 270433 270433 270433 270433 270433 270433 270433 270433 270433 270433 270433 270433 270433 270433 270433 270433 
275158 275158 275158 275158 275158 275158 275158 275158 275158 275158 275158 275158 275158 275158 275158 275158 275158 275158 275158 275158 275158 275158 275158 275158 275158 275158 275158 275158 275158 275158 275158 275158 275158 275158 275158 275158 275158 275158 275158 275158 275158 275158 275158 275158 275158 275158 275158 275158 275158 275158 
279817 279817 279817 279817 279817 279817 279817 279817 279817 279817 279817 279817 279817 279817 279817 279817 279817 279817 279817 279817 279817 279817 279817 279817 279817 279817 279817 279817 279817 279817 279817 279817 279817 279817 279817 279817 279817 279817 279817 279817 279817 279817 279817 279817 279817 279817 279817 279817 279817 279817 
284495 284495 284495 284495 284495 284495 284495 284495 284495 284495 284495 284495 284495 284495 284495 284495 284495 284495 284495 284495 284495 284495 284495 284495 284495 284495 284495 284495 284495 284495 284495 284495 284495 284495 284495 284495 284495 284495 284495 284495 284495 284495 284495 284495 284495 284495 284495 284495 284495 284495 
289195 289195 289195 289195 289195 289195 289195 289195 289195 289195 289195 289195 289195 289195 289195 289195 289195 289195 289195 289195 289195 289195 289195 289195 289195 289195 289195 289195 289195 289195 289195 289195 289195 289195 289195 289195 289195 289195 289195 289195 289195 289195 289195 289195 289195 289195 289195 289195 289195 289195 
293914 293914 293914 293914 293914 293914 293914 293914 293914 293914 293914 293914 293914 293914 293914 293914 293914 293914 293914 293914 293914 293914 293914 293914 293914 293914 293914 293914 293914 293914 293914 293914 293914 293914 293914 293914 293914 293914 293914 293914 293914 293914 293914 293914 293914 293914 293914 293914 293914 293914 
298569 298569 298569 298569 298569 298569 298569 298569 298569 298569 298569 298569 298569 298569 298569 298569 298569 298569 298569 298569 298569 298569 298569 298569 298569 298569 298569 298569 298569 298569 298569 298569 298569 298569 298569 298569 298569 298569 298569 298569 298569 298569 298569 298569 298569 298569 298569 298569 298569 298569 