3380 3380 3380 3380 3380 3380 3380 3380 3380 3380 3380 3380 3380 3380 3380 3380 3380 3380 3380 3380 
4072 4072 4072 4072 4072 4072 4072 4072 4072 4072 4072 4072 4072 4072 4072 4072 4072 4072 4072 4072 
4771 4771 4771 4771 4771 4771 4771 4771 4771 4771 4771 4771 4771 4771 4771 4771 4771 4771 4771 4771 
5475 5475 5475 5475 5475 5475 5475 5475 5475 5475 5475 5475 5475 5475 5475 5475 5475 5475 5475 5475 
6187 6187 6187 6187 6187 6187 6187 6187 6187 6187 6187 6187 6187 6187 6187 6187 6187 6187 6187 6187 
6908 6908 6908 6908 6908 6908 6908 6908 6908 6908 6908 6908 6908 6908 6908 6908 6908 6908 6908 6908 
7637 7637 7637 7637 7637 7637 7637 7637 7637 7637 7637 7637 7637 7637 7637 7637 7637 7637 7637 7637 
8340 8340 8340 8340 8340 8340 8340 8340 8340 8340 8340 8340 8340 8340 8340 8340 8340 8340 8340 8340 
9050 9050 9050 9050 9050 9050 9050 9050 9050 9050 9050 9050 9050 9050 9050 9050 9050 9050 9050 9050 
9769 9769 9769 9769 9769 9769 9769 9769 9769 9769 9769 9769 9769 9769 9769 9769 9769 9769 9769 9769 
10496 10496 10496 10496 10496 10496 10496 10496 10496 10496 10496 10496 10496 10496 10496 10496 10496 10496 10496 10496 
11198 11198 11198 11198 11198 11198 11198 11198 11198 11198 11198 11198 11198 11198 11198 11198 11198 11198 11198 11198 
11906 11906 11906 11906 11906 11906 11906 11906 11906 11906 11906 11906 11906 11906 11906 11906 11906 11906 11906 11906 
12623 12623 12623 12623 12623 12623 12623 12623 12623 12623 12623 12623 12623 12623 12623 12623 12623 12623 12623 12623 
13348 13348 13348 13348 13348 13348 13348 13348 13348 13348 13348 13348 13348 13348 13348 13348 13348 13348 13348 13348 
14049 14049 14049 14049 14049 14049 14049 14049 14049 14049 14049 14049 14049 14049 14049 14049 14049 14049 14049 14049 
14755 14755 14755 14755 14755 14755 14755 14755 14755 14755 14755 14755 14755 14755 14755 14755 14755 14755 14755 14755 
15470 15470 15470 15470 15470 15470 15470 15470 15470 15470 15470 15470 15470 15470 15470 15470 15470 15470 15470 15470 
16194 16194 16194 16194 16194 16194 16194 16194 16194 16194 16194 16194 16194 16194 16194 16194 16194 16194 16194 16194 
16893 16893 16893 16893 16893 16893 16893 16893 16893 16893 16893 16893 16893 16893 16893 16893 16893 16893 16893 16893 