-2.23606797749979 0.0 2.23606797749979 4.47213595499958 6.708203932499369 8.94427190999916 11.180339887498949 13.416407864998739 15.652475842498529 17.88854381999832 20.12461179749811 22.360679774997898 24.596747752497688 26.832815729997478 29.068883707497267 31.304951684997057 33.54101966249685 35.77708763999664 38.01315561749642 40.24922359499622 
0.0 2.23606797749979 4.47213595499958 6.708203932499369 8.94427190999916 11.180339887498949 13.416407864998739 15.652475842498529 17.88854381999832 20.12461179749811 22.360679774997898 24.596747752497688 26.832815729997478 29.068883707497267 31.304951684997057 33.54101966249685 35.77708763999664 38.01315561749642 40.24922359499622 42.48529157249601 
2.23606797749979 4.47213595499958 6.708203932499369 8.94427190999916 11.180339887498949 13.416407864998739 15.652475842498529 17.88854381999832 20.12461179749811 22.360679774997898 24.596747752497688 26.832815729997478 29.068883707497267 31.304951684997057 33.54101966249685 35.77708763999664 38.01315561749642 40.24922359499622 42.48529157249601 44.721359549995796 
4.47213595499958 6.708203932499369 8.94427190999916 11.180339887498949 13.416407864998739 15.652475842498529 17.88854381999832 20.12461179749811 22.360679774997898 24.596747752497688 26.832815729997478 29.068883707497267 31.304951684997057 33.54101966249685 35.77708763999664 38.01315561749642 40.24922359499622 42.48529157249601 44.721359549995796 46.95742752749558 
6.708203932499369 8.94427190999916 11.180339887498949 13.416407864998739 15.652475842498529 17.88854381999832 20.12461179749811 22.360679774997898 24.596747752497688 26.832815729997478 29.068883707497267 31.304951684997057 33.54101966249685 35.77708763999664 38.01315561749642 40.24922359499622 42.48529157249601 44.721359549995796 46.95742752749558 49.193495504995376 
8.94427190999916 11.180339887498949 13.416407864998739 15.652475842498529 17.88854381999832 20.12461179749811 22.360679774997898 24.596747752497688 26.832815729997478 29.068883707497267 31.304951684997057 33.54101966249685 35.77708763999664 38.01315561749642 40.24922359499622 42.48529157249601 44.721359549995796 46.95742752749558 49.193495504995376 51.42956348249517 
11.180339887498949 13.416407864998739 15.652475842498529 17.88854381999832 20.12461179749811 22.360679774997898 24.596747752497688 26.832815729997478 29.068883707497267 31.304951684997057 33.54101966249685 35.77708763999664 38.01315561749642 40.24922359499622 42.48529157249601 44.721359549995796 46.95742752749558 49.193495504995376 51.42956348249517 53.665631459994955 
13.416407864998739 15.652475842498529 17.88854381999832 20.12461179749811 22.360679774997898 24.596747752497688 26.832815729997478 29.068883707497267 31.304951684997057 33.54101966249685 35.77708763999664 38.01315561749642 40.24922359499622 42.48529157249601 44.721359549995796 46.95742752749558 49.193495504995376 51.42956348249517 53.665631459994955 55.90169943749474 
15.652475842498529 17.88854381999832 20.12461179749811 22.360679774997898 24.596747752497688 26.832815729997478 29.068883707497267 31.304951684997057 33.54101966249685 35.77708763999664 38.01315561749642 40.24922359499622 42.48529157249601 44.721359549995796 46.95742752749558 49.193495504995376 51.42956348249517 53.665631459994955 55.90169943749474 58.137767414994535 
17.88854381999832 20.12461179749811 22.360679774997898 24.596747752497688 26.832815729997478 29.068883707497267 31.304951684997057 33.54101966249685 35.77708763999664 38.01315561749642 40.24922359499622 42.48529157249601 44.721359549995796 46.95742752749558 49.193495504995376 51.42956348249517 53.665631459994955 55.90169943749474 58.137767414994535 60.37383539249433 
20.12461179749811 22.360679774997898 24.596747752497688 26.832815729997478 29.068883707497267 31.304951684997057 33.54101966249685 35.77708763999664 38.01315561749642 40.24922359499622 42.48529157249601 44.721359549995796 46.95742752749558 49.193495504995376 51.42956348249517 53.665631459994955 55.90169943749474 58.137767414994535 60.37383539249433 62.609903369994115 
22.360679774997898 24.596747752497688 26.832815729997478 29.068883707497267 31.304951684997057 33.54101966249685 35.77708763999664 38.01315561749642 40.24922359499622 42.48529157249601 44.721359549995796 46.95742752749558 49.193495504995376 51.42956348249517 53.665631459994955 55.90169943749474 58.137767414994535 60.37383539249433 62.609903369994115 64.8459713474939 
24.596747752497688 26.832815729997478 29.068883707497267 31.304951684997057 33.54101966249685 35.77708763999664 38.01315561749642 40.24922359499622 42.48529157249601 44.721359549995796 46.95742752749558 49.193495504995376 51.42956348249517 53.665631459994955 55.90169943749474 58.137767414994535 60.37383539249433 62.609903369994115 64.8459713474939 67.0820393249937 
26.832815729997478 29.068883707497267 31.304951684997057 33.54101966249685 35.77708763999664 38.01315561749642 40.24922359499622 42.48529157249601 44.721359549995796 46.95742752749558 49.193495504995376 51.42956348249517 53.665631459994955 55.90169943749474 58.137767414994535 60.37383539249433 62.609903369994115 64.8459713474939 67.0820393249937 69.31810730249349 
29.068883707497267 31.304951684997057 33.54101966249685 35.77708763999664 38.01315561749642 40.24922359499622 42.48529157249601 44.721359549995796 46.95742752749558 49.193495504995376 51.42956348249517 53.665631459994955 55.90169943749474 58.137767414994535 60.37383539249433 62.609903369994115 64.8459713474939 67.0820393249937 69.31810730249349 71.55417527999327 
31.304951684997057 33.54101966249685 35.77708763999664 38.01315561749642 40.24922359499622 42.48529157249601 44.721359549995796 46.95742752749558 49.193495504995376 51.42956348249517 53.665631459994955 55.90169943749474 58.137767414994535 60.37383539249433 62.609903369994115 64.8459713474939 67.0820393249937 69.31810730249349 71.55417527999327 73.79024325749306 
33.54101966249685 35.77708763999664 38.01315561749642 40.24922359499622 42.48529157249601 44.721359549995796 46.95742752749558 49.193495504995376 51.42956348249517 53.665631459994955 55.90169943749474 58.137767414994535 60.37383539249433 62.609903369994115 64.8459713474939 67.0820393249937 69.31810730249349 71.55417527999327 73.79024325749306 76.02631123499285 
35.77708763999664 38.01315561749642 40.24922359499622 42.48529157249601 44.721359549995796 46.95742752749558 49.193495504995376 51.42956348249517 53.665631459994955 55.90169943749474 58.137767414994535 60.37383539249433 62.609903369994115 64.8459713474939 67.0820393249937 69.31810730249349 71.55417527999327 73.79024325749306 76.02631123499285 78.26237921249265 
38.01315561749642 40.24922359499622 42.48529157249601 44.721359549995796 46.95742752749558 49.193495504995376 51.42956348249517 53.665631459994955 55.90169943749474 58.137767414994535 60.37383539249433 62.609903369994115 64.8459713474939 67.0820393249937 69.31810730249349 71.55417527999327 73.79024325749306 76.02631123499285 78.26237921249265 80.49844718999243 
40.24922359499622 42.48529157249601 44.721359549995796 46.95742752749558 49.193495504995376 51.42956348249517 53.665631459994955 55.90169943749474 58.137767414994535 60.37383539249433 62.609903369994115 64.8459713474939 67.0820393249937 69.31810730249349 71.55417527999327 73.79024325749306 76.02631123499285 78.26237921249265 80.49844718999243 82.73451516749222 