32.90896534380867 32.90896534380867 32.90896534380867 32.90896534380867 32.90896534380867 32.90896534380867 32.90896534380867 32.90896534380867 32.90896534380867 32.90896534380867 32.90896534380867 32.90896534380867 32.90896534380867 32.90896534380867 32.90896534380867 32.90896534380867 32.90896534380867 32.90896534380867 32.90896534380867 32.90896534380867 
31.17691453623979 31.17691453623979 31.17691453623979 31.17691453623979 31.17691453623979 31.17691453623979 31.17691453623979 31.17691453623979 31.17691453623979 31.17691453623979 31.17691453623979 31.17691453623979 31.17691453623979 31.17691453623979 31.17691453623979 31.17691453623979 31.17691453623979 31.17691453623979 31.17691453623979 31.17691453623979 
29.444863728670914 29.444863728670914 29.444863728670914 29.444863728670914 29.444863728670914 29.444863728670914 29.444863728670914 29.444863728670914 29.444863728670914 29.444863728670914 29.444863728670914 29.444863728670914 29.444863728670914 29.444863728670914 29.444863728670914 29.444863728670914 29.444863728670914 29.444863728670914 29.444863728670914 29.444863728670914 
27.712812921102035 27.712812921102035 27.712812921102035 27.712812921102035 27.712812921102035 27.712812921102035 27.712812921102035 27.712812921102035 27.712812921102035 27.712812921102035 27.712812921102035 27.712812921102035 27.712812921102035 27.712812921102035 27.712812921102035 27.712812921102035 27.712812921102035 27.712812921102035 27.712812921102035 27.712812921102035 
25.980762113533157 25.980762113533157 25.980762113533157 25.980762113533157 25.980762113533157 25.980762113533157 25.980762113533157 25.980762113533157 25.980762113533157 25.980762113533157 25.980762113533157 25.980762113533157 25.980762113533157 25.980762113533157 25.980762113533157 25.980762113533157 25.980762113533157 25.980762113533157 25.980762113533157 25.980762113533157 
24.24871130596428 24.24871130596428 24.24871130596428 24.24871130596428 24.24871130596428 24.24871130596428 24.24871130596428 24.24871130596428 24.24871130596428 24.24871130596428 24.24871130596428 24.24871130596428 24.24871130596428 24.24871130596428 24.24871130596428 24.24871130596428 24.24871130596428 24.24871130596428 24.24871130596428 24.24871130596428 
22.516660498395403 22.516660498395403 22.516660498395403 22.516660498395403 22.516660498395403 22.516660498395403 22.516660498395403 22.516660498395403 22.516660498395403 22.516660498395403 22.516660498395403 22.516660498395403 22.516660498395403 22.516660498395403 22.516660498395403 22.516660498395403 22.516660498395403 22.516660498395403 22.516660498395403 22.516660498395403 
20.784609690826528 20.784609690826528 20.784609690826528 20.784609690826528 20.784609690826528 20.784609690826528 20.784609690826528 20.784609690826528 20.784609690826528 20.784609690826528 20.784609690826528 20.784609690826528 20.784609690826528 20.784609690826528 20.784609690826528 20.784609690826528 20.784609690826528 20.784609690826528 20.784609690826528 20.784609690826528 
19.05255888325765 19.05255888325765 19.05255888325765 19.05255888325765 19.05255888325765 19.05255888325765 19.05255888325765 19.05255888325765 19.05255888325765 19.05255888325765 19.05255888325765 19.05255888325765 19.05255888325765 19.05255888325765 19.05255888325765 19.05255888325765 19.05255888325765 19.05255888325765 19.05255888325765 19.05255888325765 
17.32050807568877 17.32050807568877 17.32050807568877 17.32050807568877 17.32050807568877 17.32050807568877 17.32050807568877 17.32050807568877 17.32050807568877 17.32050807568877 17.32050807568877 17.32050807568877 17.32050807568877 17.32050807568877 17.32050807568877 17.32050807568877 17.32050807568877 17.32050807568877 17.32050807568877 17.32050807568877 
15.588457268119894 15.588457268119894 15.588457268119894 15.588457268119894 15.588457268119894 15.588457268119894 15.588457268119894 15.588457268119894 15.588457268119894 15.588457268119894 15.588457268119894 15.588457268119894 15.588457268119894 15.588457268119894 15.588457268119894 15.588457268119894 15.588457268119894 15.588457268119894 15.588457268119894 15.588457268119894 
13.856406460551018 13.856406460551018 13.856406460551018 13.856406460551018 13.856406460551018 13.856406460551018 13.856406460551018 13.856406460551018 13.856406460551018 13.856406460551018 13.856406460551018 13.856406460551018 13.856406460551018 13.856406460551018 13.856406460551018 13.856406460551018 13.856406460551018 13.856406460551018 13.856406460551018 13.856406460551018 
12.12435565298214 12.12435565298214 12.12435565298214 12.12435565298214 12.12435565298214 12.12435565298214 12.12435565298214 12.12435565298214 12.12435565298214 12.12435565298214 12.12435565298214 12.12435565298214 12.12435565298214 12.12435565298214 12.12435565298214 12.12435565298214 12.12435565298214 12.12435565298214 12.12435565298214 12.12435565298214 
10.392304845413264 10.392304845413264 10.392304845413264 10.392304845413264 10.392304845413264 10.392304845413264 10.392304845413264 10.392304845413264 10.392304845413264 10.392304845413264 10.392304845413264 10.392304845413264 10.392304845413264 10.392304845413264 10.392304845413264 10.392304845413264 10.392304845413264 10.392304845413264 10.392304845413264 10.392304845413264 
8.660254037844386 8.660254037844386 8.660254037844386 8.660254037844386 8.660254037844386 8.660254037844386 8.660254037844386 8.660254037844386 8.660254037844386 8.660254037844386 8.660254037844386 8.660254037844386 8.660254037844386 8.660254037844386 8.660254037844386 8.660254037844386 8.660254037844386 8.660254037844386 8.660254037844386 8.660254037844386 
6.928203230275509 6.928203230275509 6.928203230275509 6.928203230275509 6.928203230275509 6.928203230275509 6.928203230275509 6.928203230275509 6.928203230275509 6.928203230275509 6.928203230275509 6.928203230275509 6.928203230275509 6.928203230275509 6.928203230275509 6.928203230275509 6.928203230275509 6.928203230275509 6.928203230275509 6.928203230275509 
5.196152422706632 5.196152422706632 5.196152422706632 5.196152422706632 5.196152422706632 5.196152422706632 5.196152422706632 5.196152422706632 5.196152422706632 5.196152422706632 5.196152422706632 5.196152422706632 5.196152422706632 5.196152422706632 5.196152422706632 5.196152422706632 5.196152422706632 5.196152422706632 5.196152422706632 5.196152422706632 
3.4641016151377544 3.4641016151377544 3.4641016151377544 3.4641016151377544 3.4641016151377544 3.4641016151377544 3.4641016151377544 3.4641016151377544 3.4641016151377544 3.4641016151377544 3.4641016151377544 3.4641016151377544 3.4641016151377544 3.4641016151377544 3.4641016151377544 3.4641016151377544 3.4641016151377544 3.4641016151377544 3.4641016151377544 3.4641016151377544 
1.7320508075688772 1.7320508075688772 1.7320508075688772 1.7320508075688772 1.7320508075688772 1.7320508075688772 1.7320508075688772 1.7320508075688772 1.7320508075688772 1.7320508075688772 1.7320508075688772 1.7320508075688772 1.7320508075688772 1.7320508075688772 1.7320508075688772 1.7320508075688772 1.7320508075688772 1.7320508075688772 1.7320508075688772 1.7320508075688772 
0.0 0.0 0.0 0.0 0.0 0.0 0.0 0.0 0.0 0.0 0.0 0.0 0.0 0.0 0.0 0.0 0.0 0.0 0.0 0.0 